P W
16 0
32 0
48 0
64 0
80 0
96 0
112 0
128 0
144 0
160 0
176 0
192 0
208 0
224 0
240 0
256 0
272 0
288 0
304 0
320 0
336 0
352 0
368 0
384 0
400 0
416 0
432 0
448 0
464 0
480 0
496 0
512 0
528 0
544 0
560 0
576 0
592 0
608 0
624 0
640 0
656 0
672 0
688 0
704 0
720 0
736 0
752 0
768 0
784 0
800 0
816 0.0841343
832 0.0845115
848 0.0848732
864 0.0852198
880 0.0855515
896 0.0858687
912 0.0861718
928 0.086461
944 0.0867367
960 0.0869992
976 0.0872489
992 0.087486
1008 0.087711
1024 0.0879241
1040 0.0881256
1056 0.088316
1072 0.0884954
1088 0.0886643
1104 0.0888231
1120 0.0889719
1136 0.0891112
1152 0.0892412
1168 0.0893623
1184 0.0894749
1200 0.0895792
1216 0.0896757
1232 0.0897645
1248 0.0898461
1264 0.0899208
1280 0.0899889
1296 0.0900507
1312 0.0901065
1328 0.0901568
1344 0.0902018
1360 0.0902419
1376 0.0902774
1392 0.0903085
1408 0.0903358
1424 0.0903593
1440 0.0903796
1456 0.0903969
1472 0.0904114
1488 0.0904236
1504 0.0904337
1520 0.0904419
1536 0.0904485
1552 0.0904537
1568 0.0904578
1584 0.0904609
1600 0.0904632
1616 0.0904649
1632 0.0904662
1648 0.090467
1664 0.0904676
1680 0.0904679
1696 0.0904682
1712 0.0904683
1728 0.0904683
1744 0.0904684
1760 0.0904684
1776 0.0904684
1792 0.0904684
1808 0.0904684
1824 0.0904684
1840 0.0904684
1856 0.0904684
1872 0.0904684
1888 0.0904684
1904 0.0904684
1920 0.0904684
1936 0.0904684
1952 0.0904684
1968 0.0904684
1984 0.0904684
2000 0.0904684
2016 0.0904684
2032 0.0904684
2048 0.0904684
2064 0.0904684
2080 0.0904684
2096 0.0904684
2112 0.0904684
2128 0.0904684
2144 0.0904684
2160 0.0904684
2176 0.0904684
2192 0.0904684
2208 0.0904684
2224 0.0904684
2240 0.0904684
2256 0.0904684
2272 0.0904684
2288 0.0904684
2304 0.0904684
2320 0.0904684
2336 0.0904684
2352 0.0904684
2368 0.0904684
2384 0.0904684
2400 0.0904684
2416 0.0904684
2432 0.0904684
2448 0.0904684
2464 0.0904684
2480 0.0904684
2496 0.0904684
2512 0.0904684
2528 0.0904684
2544 0.0904685
2560 0.0904688
2576 0.0904693
2592 0.0904703
2608 0.0904718
2624 0.0904741
2640 0.0904774
2656 0.090482
2672 0.090488
2688 0.0904959
2704 0.0905059
2720 0.0905183
2736 0.0905336
2752 0.090552
2768 0.0905739
2784 0.0905995
2800 0.0906292
2816 0.0906631
2832 0.0907015
2848 0.0907447
2864 0.0907927
2880 0.0908457
2896 0.0909038
2912 0.0909671
2928 0.0910357
2944 0.0911095
2960 0.0911886
2976 0.0912729
2992 0.0913626
3008 0.0914575
3024 0.0915577
3040 0.0916631
3056 0.0917739
3072 0.0918899
3088 0.0920111
3104 0.0921377
3120 0.0922695
3136 0.0924066
3152 0.092549
3168 0.0926966
3184 0.0928495
3200 0.0930077
3216 0.0931712
3232 0.0933399
3248 0.0935139
3264 0.0936932
3280 0.0938778
3296 0.0940676
3312 0.0942625
3328 0.0944626
3344 0.0946677
3360 0.0948777
3376 0.0950923
3392 0.0953115
3408 0.0955349
3424 0.0957624
3440 0.0959937
3456 0.0962283
3472 0.0964662
3488 0.0967068
3504 0.0969499
3520 0.0971952
3536 0.0974422
3552 0.0976908
3568 0.0979406
3584 0.0981914
3600 0.0984429
3616 0.0986951
3632 0.0989476
3648 0.0992005
3664 0.0994535
3680 0.0997065
3696 0.0999596
3712 0.100213
3728 0.100466
3744 0.100719
3760 0.100972
3776 0.101225
3792 0.101478
3808 0.101731
3824 0.101985
3840 0.102238
3856 0.102492
3872 0.102746
3888 0.103
3904 0.103256
3920 0.103512
3936 0.10377
3952 0.104029
3968 0.10429
3984 0.104553
4000 0.104818
4016 0.105087
4032 0.105358
4048 0.105633
4064 0.105912
4080 0.106195
4096 0.106483
4112 0.103915
4128 0.101325
4144 0.0987117
4160 0.0960759
4176 0.093417
4192 0.0907344
4208 0.0880278
4224 0.0852969
4240 0.0825412
4256 0.0797601
4272 0.0769531
4288 0.0741197
4304 0.0741197
4320 0.0741197
4336 0.0741197
4352 0.0741197
4368 0.0774619
4384 0.0808398
4400 0.0842549
4416 0.0877085
4432 0.0912017
4448 0.0947361
4464 0.0983129
4480 0.101933
4496 0.105599
4512 0.109311
4528 0.113071
4544 0.116879
4560 0.117396
4576 0.117928
4592 0.118477
4608 0.119041
4624 0.119621
4640 0.120217
4656 0.120829
4672 0.121456
4688 0.122099
4704 0.122758
4720 0.123433
4736 0.124124
4752 0.124831
4768 0.125554
4784 0.126293
4800 0.127049
4816 0.127821
4832 0.12861
4848 0.129416
4864 0.130238
4880 0.131078
4896 0.131935
4912 0.132809
4928 0.133701
4944 0.134609
4960 0.135534
4976 0.136475
4992 0.137433
5008 0.138407
5024 0.139397
5040 0.140402
5056 0.141422
5072 0.142456
5088 0.143505
5104 0.144568
5120 0.145644
5136 0.14017
5152 0.134612
5168 0.128968
5184 0.123237
5200 0.117417
5216 0.111508
5232 0.105509
5248 0.0994187
5264 0.0932354
5280 0.0869585
5296 0.0805869
5312 0.0741197
5328 0.0741197
5344 0.0741197
5360 0.0741197
5376 0.0741197
5392 0.0741197
5408 0.0741197
5424 0.0741197
5440 0.0741197
5456 0.0741197
5472 0.0741197
5488 0.0741197
5504 0.0741197
5520 0.0741197
5536 0.0679431
5552 0.0617664
5568 0.0555898
5584 0.0494131
5600 0.0432365
5616 0.0370599
5632 0.0308834
5648 0.0247069
5664 0.0185304
5680 0.0123538
5696 0.00617706
5712 0
5728 0
5744 0
5760 0
5776 0
5792 0
5808 0
5824 0
5840 0
5856 0
5872 0
5888 0
5904 0
5920 0
5936 0
5952 0
5968 0
5984 0
6000 0
6016 0
6032 0
6048 0
6064 0
6080 0
6096 0
6112 0
6128 0
6144 0
6160 0
6176 0
6192 0
6208 0
6224 0
6240 0
6256 0
6272 0
6288 0
6304 0
6320 0
6336 0
6352 0
6368 0
6384 0
6400 0
6416 0
6432 0
6448 0
6464 0
6480 0
6496 0
6512 0
6528 0
6544 0
6560 0
6576 0
6592 0
6608 0
6624 0
6640 0
6656 0
6672 0
6688 0
6704 0
6720 0
6736 0
6752 0
6768 0
6784 0
6800 0
6816 0
6832 0
6848 0
6864 0
6880 0
6896 0
6912 0
6928 0
6944 0
6960 0
6976 0
6992 0
7008 0
7024 0
7040 0
7056 0
7072 0
7088 0
7104 0
7120 0
7136 0
7152 0
7168 0
7184 0
7200 0
7216 0
7232 0
7248 0
7264 0
7280 0
7296 0
7312 0
7328 0
7344 0
7360 0
7376 0
7392 0
7408 0
7424 0
7440 0
7456 0
7472 0
7488 0
7504 0
7520 0
7536 0
7552 0
7568 0
7584 0
7600 0
7616 0
7632 0
7648 0
7664 0
7680 0
7696 0
7712 0
7728 0
7744 0
7760 0
7776 0
7792 0
7808 0
7824 0
7840 0
7856 0
7872 0
7888 0
7904 0
7920 0
7936 0
7952 0
7968 0
7984 0
8000 0
8016 0
8032 0
8048 0
8064 0
8080 0
8096 0
8112 0
8128 0
8144 0
8160 0
8176 0
8192 0
8208 0
8224 0
8240 0
8256 0
8272 0
8288 0
8304 0
8320 0
8336 0
8352 0
8368 0
8384 0
8400 0
8416 0
8432 0
8448 0
8464 0
8480 0
8496 0
8512 0
8528 0
8544 0
8560 0
8576 0
8592 0
8608 0
8624 0
8640 0
8656 0
8672 0
8688 0
8704 0
8720 0
8736 0
8752 0
8768 0
8784 0
8800 0
8816 0
8832 0
8848 0
8864 0
8880 0
8896 0
8912 0
8928 0
8944 0
8960 0
8976 0
8992 0
9008 0
9024 0
9040 0
9056 0
9072 0
9088 0
9104 0
9120 0
9136 0
9152 0
9168 0
9184 0
9200 0
9216 0
9232 0
9248 0
9264 0
9280 0
9296 0
9312 0
9328 0
9344 0
9360 0
9376 0
9392 0
9408 0
9424 0
9440 0
9456 0
9472 0
9488 0
9504 0
9520 0
9536 0
9552 0
9568 0
9584 0
9600 0
9616 0
9632 0
9648 0
9664 0
9680 0
9696 0
9712 0
9728 0
9744 0
9760 0
9776 0
9792 0
9808 0
9824 0
9840 0
9856 0
9872 0
9888 0
9904 0
9920 0
9936 0
9952 0
9968 0
9984 0
10000 0
10016 0
10032 0
10048 0
10064 0
10080 0
10096 0
10112 0
10128 0
10144 0
10160 0
10176 0
10192 0
10208 0
10224 0
10240 0
10256 0
10272 0
10288 0
10304 0
10320 0
10336 0
10352 0
10368 0
10384 0
10400 0
10416 0
10432 0
10448 0
10464 0
10480 0
10496 0
10512 0
10528 0
10544 0
10560 0
10576 0
10592 0
10608 0
10624 0
10640 0
10656 0
10672 0
10688 0
10704 0
10720 0
10736 0
10752 0
10768 0
10784 0.00450674
10800 0.00923389
10816 0.0141928
10832 0.0193945
10848 0.0248492
10864 0.0305668
10880 0.0365566
10896 0.0428276
10912 0.0493878
10928 0.0562451
10944 0.0634067
10960 0.0708793
10976 0.0786689
10992 0.0867812
11008 0.0952214
11024 0.0952687
11040 0.0953074
11056 0.0953375
11072 0.0869479
11088 0.0788675
11104 0.0710936
11120 0.0636228
11136 0.0564515
11152 0.0495753
11168 0.0429895
11184 0.0366886
11200 0.0306668
11216 0.0249176
11232 0.0194342
11248 0.0142089
11264 0.00923394
11280 0.00450065
11296 0
11312 0
11328 0
11344 0
11360 0
11376 0
11392 0
11408 0
11424 0
11440 0
11456 0
11472 0
11488 0
11504 0
11520 0
11536 0
11552 0
11568 0
11584 0
11600 0
11616 0
11632 0
11648 0
11664 0
11680 0
11696 0
11712 0
11728 0
11744 0
11760 0
11776 0
11792 0
11808 0
11824 0
11840 0
11856 0
11872 0
11888 0
11904 0
11920 0
11936 0
11952 0
11968 0
11984 0
12000 0
12016 0
12032 0
12048 0
12064 0
12080 0
12096 0
12112 0
12128 0
12144 0
12160 0
12176 0
12192 0
12208 0
12224 0
12240 0
12256 0
12272 0
12288 0
12304 0
12320 0
12336 0
12352 0
12368 0
12384 0
12400 0
12416 0
12432 0
12448 0
12464 0
12480 0
12496 0
12512 0
12528 0
12544 0
12560 0
12576 0
12592 0
12608 0
12624 0
12640 0
12656 0
12672 0
12688 0
12704 0
12720 0
12736 0
12752 0
12768 0
12784 0
12800 0
12816 0
12832 0
12848 0
12864 0
12880 0
12896 0
12912 0
12928 0
12944 0
12960 0
12976 0
12992 0
13008 0
13024 0
13040 0
13056 0
13072 0
13088 0.0083419
13104 0.0171374
13120 0.0264123
13136 0.0361928
13152 0.0465059
13168 0.0573787
13184 0.068839
13200 0.0809152
13216 0.0936355
13232 0.107029
13248 0.121124
13264 0.135948
13280 0.151531
13296 0.167897
13312 0.185074
13328 0.184978
13344 0.184884
13360 0.184795
13376 0.184711
13392 0.184633
13408 0.184561
13424 0.184496
13440 0.184438
13456 0.184388
13472 0.184346
13488 0.184314
13504 0.18429
13520 0.184276
13536 0.184271
13552 0.184276
13568 0.18429
13584 0.184314
13600 0.166997
13616 0.150499
13632 0.134801
13648 0.11988
13664 0.105714
13680 0.0922801
13696 0.0795528
13712 0.0675068
13728 0.0561161
13744 0.0453534
13760 0.0351915
13776 0.0256027
13792 0.0165594
13808 0.00803418
13824 0
13840 0
13856 0
13872 0
13888 0
13904 0
13920 0
13936 0
13952 0
13968 0
13984 0
14000 0
14016 0
14032 0
14048 0
14064 0
14080 0
14096 0
14112 0
14128 0
14144 0
14160 0
14176 0
14192 0
14208 0
14224 0
14240 0
14256 0
14272 0
14288 0
14304 0
14320 0
14336 0
14352 0
14368 0
14384 0
14400 0
14416 0
14432 0
14448 0
14464 0
14480 0
14496 0
14512 0
14528 0
14544 0
14560 0
14576 0
14592 0
14608 0
14624 0
14640 0
14656 0
14672 0
14688 0
14704 0
14720 0
14736 0
14752 0
14768 0
14784 0
14800 0
14816 0
14832 0
14848 0
14864 0
14880 0
14896 0
14912 0
14928 0
14944 0
14960 0
14976 0
14992 0
15008 0
15024 0
15040 0
15056 0
15072 0
15088 0
15104 0
15120 0
15136 0
15152 0
15168 0
15184 0
15200 0
15216 0
15232 0
15248 0
15264 0
15280 0
15296 0
15312 0
15328 0
15344 0
15360 0
15376 0
15392 0
15408 0
15424 0
15440 0
15456 0
15472 0
15488 0
15504 0
15520 0
15536 0
15552 0
15568 0
15584 0
15600 0
15616 0
15632 0
15648 0
15664 0
15680 0
15696 0
15712 0
15728 0
15744 0
15760 0
15776 0
15792 0
15808 0
15824 0
15840 0
15856 0
15872 0
15888 0
15904 0
15920 0
15936 0
15952 0
15968 0
15984 0
16000 0
16016 0
16032 0
16048 0
16064 0
16080 0
16096 0
16112 0
16128 0
16144 0
16160 0
16176 0
16192 0
16208 0
16224 0
16240 0
16256 0
16272 0
16288 0
16304 0
16320 0
16336 0
16352 0
16368 0
16384 0
16400 0
16416 0
16432 0
16448 0
16464 0
16480 0
16496 0
16512 0
16528 0
16544 0
16560 0
16576 0
16592 0
16608 0
16624 0
16640 0
16656 0
16672 0
16688 0
16704 0
16720 0
16736 0
16752 0
16768 0
16784 0
16800 0
16816 0
16832 0
16848 0
16864 0
16880 0
16896 0
16912 0
16928 0
16944 0
16960 0
16976 0
16992 0
17008 0
17024 0
17040 0
17056 0
17072 0
17088 0
17104 0
17120 0
17136 0
17152 0
17168 0
17184 0
17200 0
17216 0
17232 0
17248 0
17264 0
17280 0
17296 0
17312 0
17328 0
17344 0
17360 0
17376 0
17392 0
17408 0
17424 0.00219257
17440 0.00651907
17456 0.0129195
17472 0.0213324
17488 0.0316951
17504 0.0439433
17520 0.0580114
17536 0.0738324
17552 0.0913378
17568 0.110458
17584 0.131121
17600 0.153255
17616 0.174883
17632 0.211567
17648 0.242546
17664 0.262885
17680 0.273219
17696 0.275176
17712 0.269884
17728 0.258413
17744 0.243093
17760 0.228385
17776 0.214297
17792 0.200836
17808 0.188006
17824 0.175812
17840 0.164256
17856 0.153339
17872 0.143481
17888 0.134213
17904 0.125513
17920 0.117361
17936 0.0876693
17952 0.0916312
17968 0.0959795
17984 0.100733
18000 0.105912
18016 0.111535
18032 0.117621
18048 0.124192
18064 0.131267
18080 0.138865
18096 0.147009
18112 0.155717
18128 0.165011
18144 0.174911
18160 0.185439
18176 0.196617
18192 0.209
18208 0.222083
18224 0.235861
18240 0.25033
18256 0.265484
18272 0.278491
18288 0.287874
18304 0.292951
18320 0.292992
18336 0.287344
18352 0.280346
18368 0.271936
18384 0.261565
18400 0.250958
18416 0.240124
18432 0.229072
18448 0.217812
18464 0.207449
18480 0.198018
18496 0.18955
18512 0.182078
18528 0.175629
18544 0.170235
18560 0.165923
18576 0.162719
18592 0.160651
18608 0.159743
18624 0.16002
18640 0.161508
18656 0.162992
18672 0.164474
18688 0.165954
18704 0.167432
18720 0.168911
18736 0.17039
18752 0.17187
18768 0.173352
18784 0.174836
18800 0.176323
18816 0.177814
18832 0.17931
18848 0.180811
18864 0.182318
18880 0.183832
18896 0.185353
18912 0.186882
18928 0.18842
18944 0.189967
18960 0.191523
18976 0.19309
18992 0.194667
19008 0.196254
19024 0.197853
19040 0.199462
19056 0.201083
19072 0.202715
19088 0.204358
19104 0.206013
19120 0.207679
19136 0.209356
19152 0.211045
19168 0.212745
19184 0.214457
19200 0.216181
19216 0.217917
19232 0.219665
19248 0.221426
19264 0.2232
19280 0.224987
19296 0.226787
19312 0.228602
19328 0.230432
19344 0.232277
19360 0.234137
19376 0.236014
19392 0.237908
19408 0.23982
19424 0.24175
19440 0.243699
19456 0.245667
19472 0.247656
19488 0.249667
19504 0.251698
19520 0.248466
19536 0.238509
19552 0.221661
19568 0.201816
19584 0.181635
19600 0.161111
19616 0.140238
19632 0.11901
19648 0.0974205
19664 0.0754619
19680 0.0531275
19696 0.0304102
19712 0.0131444
19728 0.00282607
19744 0
19760 0
19776 0
19792 0
19808 0
19824 0
19840 0
19856 0
19872 0
19888 0
19904 0
19920 0
19936 0
19952 0
19968 0
19984 0
20000 0
20016 0
20032 0
20048 0
20064 0
20080 0
20096 0
20112 0
20128 0
20144 0
20160 0
20176 0
20192 0
20208 0
20224 0
20240 0
20256 0
20272 0
20288 0
20304 0
20320 0
20336 0
20352 0
20368 0
20384 0
20400 0
20416 0
20432 0
20448 0
20464 0
20480 0
20496 0
20512 0
20528 0
20544 0
20560 0
20576 0
20592 0
20608 0
20624 0
20640 0
20656 0
20672 0
20688 0
20704 0
20720 0
20736 0
20752 0
20768 0
20784 0
20800 0
20816 0
20832 0
20848 0
20864 0
20880 0
20896 0
20912 0
20928 0
20944 0
20960 0
20976 0
20992 0
21008 0
21024 0
21040 0
21056 0
21072 0
21088 0
21104 0
21120 0
21136 0
21152 0
21168 0
21184 0
21200 0
21216 0
21232 0
21248 0
21264 0
21280 0
21296 0
21312 0
21328 0
21344 0
21360 0
21376 0
21392 0
21408 0
21424 0
21440 0
21456 0
21472 0
21488 0
21504 0
21520 0
21536 0
21552 0
21568 0
21584 0
21600 0
21616 0
21632 0
21648 0
21664 0
21680 0
21696 0
21712 0
21728 0
21744 0
21760 0
21776 0.00196111
21792 0.00582198
21808 0.0115194
21824 0.0189884
21840 0.0281618
21856 0.0389706
21872 0.0513432
21888 0.0652059
21904 0.0804828
21920 0.097095
21936 0.114961
21952 0.133997
21968 0.152459
21984 0.170328
22000 0.187587
22016 0.204218
22032 0.218047
22048 0.234636
22064 0.242495
22080 0.242798
22096 0.236661
22112 0.225133
22128 0.210341
22144 0.196193
22160 0.182695
22176 0.16985
22192 0.157661
22208 0.14613
22224 0.135733
22240 0.125941
22256 0.116734
22272 0.108089
22288 0.0999842
22304 0.0923999
22320 0.085315
22336 0.0787094
22352 0.0725631
22368 0.0668564
22384 0.06157
22400 0.0566849
22416 0.0521822
22432 0.0552204
22448 0.0585598
22464 0.062218
22480 0.066213
22496 0.070563
22512 0.0752868
22528 0.0804038
22544 0.106572
22560 0.13789
22576 0.169525
22592 0.2024
22608 0.236413
22624 0.271767
22640 0.30866
22656 0.34728
22672 0.388154
22688 0.431162
22704 0.476471
22720 0.522575
22736 0.537114
22752 0.552598
22768 0.569073
22784 0.586586
22800 0.605926
22816 0.626411
22832 0.629913
22848 0.633917
22864 0.63839
22880 0.643302
22896 0.648621
22912 0.654313
22928 0.660346
22944 0.666686
22960 0.6733
22976 0.680155
22992 0.686449
23008 0.692947
23024 0.699648
23040 0.70655
23056 0.711173
23072 0.715941
23088 0.72085
23104 0.725893
23120 0.731067
23136 0.736366
23152 0.741785
23168 0.747318
23184 0.75296
23200 0.758705
23216 0.764547
23232 0.770481
23248 0.779323
23264 0.78831
23280 0.797439
23296 0.806702
23312 0.785821
23328 0.764623
23344 0.743088
23360 0.721196
23376 0.698928
23392 0.676263
23408 0.653181
23424 0.629663
23440 0.605689
23456 0.581239
23472 0.556293
23488 0.530833
23504 0.535117
23520 0.539291
23536 0.543354
23552 0.547301
23568 0.551131
23584 0.554841
23600 0.558428
23616 0.561892
23632 0.565229
23648 0.568439
23664 0.571521
23680 0.574475
23696 0.577298
23712 0.579993
23728 0.582557
23744 0.58499
23760 0.587294
23776 0.589467
23792 0.59151
23808 0.593423
23824 0.595208
23840 0.596864
23856 0.598393
23872 0.599797
23888 0.601075
23904 0.602231
23920 0.603265
23936 0.604179
23952 0.604976
23968 0.605657
23984 0.606225
24000 0.606681
24016 0.607027
24032 0.607265
24048 0.607399
24064 0.60743
24080 0.594174
24096 0.58089
24112 0.567586
24128 0.554268
24144 0.540945
24160 0.527623
24176 0.514309
24192 0.501012
24208 0.487737
24224 0.474493
24240 0.461286
24256 0.448123
24272 0.448197
24288 0.448258
24304 0.448307
24320 0.448347
24336 0.48761
24352 0.526316
24368 0.564469
24384 0.602075
24400 0.639141
24416 0.675672
24432 0.711676
24448 0.747157
24464 0.782123
24480 0.816582
24496 0.85054
24512 0.884005
24528 0.877754
24544 0.859538
24560 0.841569
24576 0.823846
24592 0.806368
24608 0.789136
24624 0.772147
24640 0.755402
24656 0.738899
24672 0.722635
24688 0.706609
24704 0.690819
24720 0.675263
24736 0.671047
24752 0.666923
24768 0.662895
24784 0.658965
24800 0.655135
24816 0.651408
24832 0.647787
24848 0.644274
24864 0.640871
24880 0.63758
24896 0.634403
24912 0.631341
24928 0.628396
24944 0.625567
24960 0.622857
24976 0.620264
24992 0.61779
25008 0.615433
25024 0.613195
25040 0.611075
25056 0.609073
25072 0.607189
25088 0.605423
25104 0.603775
25120 0.602245
25136 0.600834
25152 0.59954
25168 0.598365
25184 0.597308
25200 0.596369
25216 0.595546
25232 0.594841
25248 0.594251
25264 0.593774
25280 0.59341
25296 0.593157
25312 0.593011
25328 0.592971
25344 0.593034
25360 0.593197
25376 0.593456
25392 0.593808
25408 0.594251
25424 0.594779
25440 0.595391
25456 0.596083
25472 0.596851
25488 0.597693
25504 0.598604
25520 0.599582
25536 0.600623
25552 0.601724
25568 0.602882
25584 0.604094
25600 0.605357
25616 0.586645
25632 0.567846
25648 0.548956
25664 0.529971
25680 0.510885
25696 0.491695
25712 0.472396
25728 0.452985
25744 0.433457
25760 0.41381
25776 0.394041
25792 0.374145
25808 0.374145
25824 0.374145
25840 0.374145
25856 0.374145
25872 0.374145
25888 0.374145
25904 0.374145
25920 0.374145
25936 0.374145
25952 0.374145
25968 0.374145
25984 0.374145
26000 0.374145
26016 0.374145
26032 0.374145
26048 0.374145
26064 0.374145
26080 0.374145
26096 0.374145
26112 0.374145
26128 0.394571
26144 0.414876
26160 0.435058
26176 0.455118
26192 0.475056
26208 0.494873
26224 0.514567
26240 0.53414
26256 0.553592
26272 0.572923
26288 0.592134
26304 0.611226
26320 0.609774
26336 0.608326
26352 0.606886
26368 0.605454
26384 0.604032
26400 0.602624
26416 0.60123
26432 0.599855
26448 0.598501
26464 0.59717
26480 0.595866
26496 0.594592
26512 0.593351
26528 0.592147
26544 0.590983
26560 0.589862
26576 0.588788
26592 0.587763
26608 0.586791
26624 0.585873
26640 0.585013
26656 0.584212
26672 0.583471
26688 0.582793
26704 0.582177
26720 0.581626
26736 0.58114
26752 0.580718
26768 0.580361
26784 0.580069
26800 0.579842
26816 0.57968
26832 0.579582
26848 0.57955
26864 0.579583
26880 0.579682
26896 0.579847
26912 0.580079
26928 0.580378
26944 0.580747
26960 0.581185
26976 0.581695
26992 0.582277
27008 0.582932
27024 0.583662
27040 0.584469
27056 0.585352
27072 0.586313
27088 0.587352
27104 0.588471
27120 0.589669
27136 0.590946
27152 0.573422
27168 0.555822
27184 0.538138
27200 0.520365
27216 0.502495
27232 0.484522
27248 0.466439
27264 0.44824
27280 0.429918
27296 0.411465
27312 0.392877
27328 0.367567
27344 0.360989
27360 0.354412
27376 0.347834
27392 0.341256
27408 0.353906
27424 0.365948
27440 0.377375
27456 0.388179
27472 0.398353
27488 0.407887
27504 0.416773
27520 0.434686
27536 0.452737
27552 0.470924
27568 0.489246
27584 0.507702
27600 0.50933
27616 0.510954
27632 0.512572
27648 0.514179
27664 0.515772
27680 0.517347
27696 0.518902
27712 0.520434
27728 0.521938
27744 0.523413
27760 0.524856
27776 0.526265
27792 0.527639
27808 0.528977
27824 0.530278
27840 0.531542
27856 0.532768
27872 0.533956
27888 0.535108
27904 0.536223
27920 0.516668
27936 0.497006
27952 0.477241
27968 0.457376
27984 0.437414
28000 0.417358
28016 0.397211
28032 0.376976
28048 0.356656
28064 0.336253
28080 0.315771
28096 0.295211
28112 0.295211
28128 0.295211
28144 0.295211
28160 0.295211
28176 0.315771
28192 0.336253
28208 0.356656
28224 0.376976
28240 0.397211
28256 0.417358
28272 0.437414
28288 0.457376
28304 0.477241
28320 0.497006
28336 0.516668
28352 0.536223
28368 0.535108
28384 0.533956
28400 0.532767
28416 0.53154
28432 0.530274
28448 0.528969
28464 0.527625
28480 0.526242
28496 0.52482
28512 0.523359
28528 0.52186
28544 0.520324
28560 0.518753
28576 0.517149
28592 0.515512
28608 0.513846
28624 0.512152
28640 0.510432
28656 0.508689
28672 0.506926
28688 0.488484
28704 0.47018
28720 0.452017
28736 0.433997
28752 0.416124
28768 0.398397
28784 0.38082
28800 0.363393
28816 0.346118
28832 0.328996
28848 0.312027
28864 0.295211
28880 0.295211
28896 0.295211
28912 0.295211
28928 0.295211
28944 0.309236
28960 0.323097
28976 0.336797
28992 0.35034
29008 0.363728
29024 0.376966
29040 0.390057
29056 0.403004
29072 0.415812
29088 0.428483
29104 0.44102
29120 0.453429
29136 0.451686
29152 0.449985
29168 0.448325
29184 0.446708
29200 0.445133
29216 0.4436
29232 0.442109
29248 0.44066
29264 0.439253
29280 0.437888
29296 0.436565
29312 0.435284
29328 0.434046
29344 0.432851
29360 0.4317
29376 0.430593
29392 0.429531
29408 0.428515
29424 0.427546
29440 0.426625
29456 0.425753
29472 0.424932
29488 0.424163
29504 0.423447
29520 0.422785
29536 0.422179
29552 0.42163
29568 0.421138
29584 0.420705
29600 0.420331
29616 0.420016
29632 0.41976
29648 0.419563
29664 0.419425
29680 0.419344
29696 0.419319
29712 0.419351
29728 0.419437
29744 0.419577
29760 0.419768
29776 0.42001
29792 0.420301
29808 0.42064
29824 0.421026
29840 0.421457
29856 0.421934
29872 0.422455
29888 0.42302
29904 0.423628
29920 0.424279
29936 0.424972
29952 0.425709
29968 0.426488
29984 0.427311
30000 0.428178
30016 0.42909
30032 0.430048
30048 0.431053
30064 0.432107
30080 0.433209
30096 0.434362
30112 0.435567
30128 0.436824
30144 0.438137
30160 0.439505
30176 0.44093
30192 0.442413
30208 0.443956
30224 0.432234
30240 0.420406
30256 0.408467
30272 0.396413
30288 0.384238
30304 0.371937
30320 0.359506
30336 0.346939
30352 0.334232
30368 0.321378
30384 0.308373
30400 0.295211
30416 0.295211
30432 0.295211
30448 0.295211
30464 0.295211
30480 0.311465
30496 0.327922
30512 0.344585
30528 0.361458
30544 0.378544
30560 0.395847
30576 0.41337
30592 0.431116
30608 0.449088
30624 0.467288
30640 0.48572
30656 0.504386
30672 0.507034
30688 0.509719
30704 0.512438
30720 0.515192
30736 0.517977
30752 0.520794
30768 0.52364
30784 0.526514
30800 0.529415
30816 0.532341
30832 0.535293
30848 0.538267
30864 0.541263
30880 0.544282
30896 0.54732
30912 0.550379
30928 0.553457
30944 0.556555
30960 0.559671
30976 0.562805
30992 0.550237
31008 0.537352
31024 0.524146
31040 0.510615
31056 0.496756
31072 0.482565
31088 0.46804
31104 0.453178
31120 0.437976
31136 0.422432
31152 0.406544
31168 0.390309
31184 0.389446
31200 0.38857
31216 0.387682
31232 0.386785
31248 0.385881
31264 0.384974
31280 0.384065
31296 0.383158
31312 0.382254
31328 0.381357
31344 0.380469
31360 0.379593
31376 0.378729
31392 0.37788
31408 0.377048
31424 0.376233
31440 0.375437
31456 0.374661
31472 0.373906
31488 0.373172
31504 0.37246
31520 0.371771
31536 0.371105
31552 0.370463
31568 0.369846
31584 0.369255
31600 0.368691
31616 0.368155
31632 0.367649
31648 0.367174
31664 0.36673
31680 0.366321
31696 0.365946
31712 0.365607
31728 0.365305
31744 0.365043
31760 0.380965
31776 0.396653
31792 0.412115
31808 0.42736
31824 0.442394
31840 0.457226
31856 0.462029
31872 0.466044
31888 0.469292
31904 0.47179
31920 0.473559
31936 0.474615
31952 0.461186
31968 0.447981
31984 0.434992
32000 0.422213
32016 0.409635
32032 0.397251
32048 0.396062
32064 0.394991
32080 0.39404
32096 0.393208
32112 0.392499
32128 0.391912
32144 0.391449
32160 0.391111
32176 0.3909
32192 0.390818
32208 0.390865
32224 0.380176
32240 0.369603
32256 0.359134
32272 0.348761
32288 0.33847
32304 0.328253
32320 0.318097
32336 0.30799
32352 0.297921
32368 0.287878
32384 0.277849
32400 0.26782
32416 0.268995
32432 0.270253
32448 0.27159
32464 0.273005
32480 0.274497
32496 0.276063
32512 0.277702
32528 0.279411
32544 0.281189
32560 0.283034
32576 0.284943
32592 0.286915
32608 0.288947
32624 0.291038
32640 0.293186
32656 0.295388
32672 0.297642
32688 0.299947
32704 0.302299
32720 0.304696
32736 0.294337
32752 0.283812
32768 0.273115
32784 0.25465
32800 0.236613
32816 0.219019
32832 0.201882
32848 0.185219
32864 0.169047
32880 0.153385
32896 0.138253
32912 0.12367
32928 0.119631
32944 0.115494
32960 0.111258
32976 0.111472
32992 0.111673
33008 0.111863
33024 0.11204
33040 0.108965
33056 0.105874
33072 0.102769
33088 0.0996495
33104 0.0884745
33120 0.0778121
33136 0.0676661
33152 0.0580399
33168 0.0489362
33184 0.0403578
33200 0.0323065
33216 0.0247841
33232 0.0186015
33248 0.0124103
33264 0.00621002
33280 0
33296 0
33312 0
33328 0
33344 0
33360 0
33376 0
33392 0
33408 0
33424 0
33440 0
33456 0
33472 0
33488 0
33504 0
33520 0
33536 0
33552 0
33568 0
33584 0
33600 0
33616 0
33632 0
33648 0
33664 0
33680 0
33696 0
33712 0
33728 0
33744 0
33760 0
33776 0
33792 0
33808 0
33824 0
33840 0
33856 0
33872 0
33888 0
33904 0
33920 0
33936 0
33952 0
33968 0
33984 0
34000 0
34016 0
34032 0
34048 0
34064 0
34080 0
34096 0
34112 0
34128 0
34144 0
34160 0
34176 0
34192 0
34208 0
34224 0
34240 0
34256 0
34272 0
34288 0
34304 0
34320 0
34336 0
34352 0
34368 0
34384 0
34400 0
34416 0
34432 0
34448 0
34464 0
34480 0
34496 0
34512 0
34528 0
34544 0
34560 0
34576 0
34592 0
34608 0
34624 0
34640 0
34656 0
34672 0
34688 0
34704 0
34720 0
34736 0
34752 0
34768 0
34784 0
34800 0
34816 0
34832 0
34848 0
34864 0
34880 0
34896 0
34912 0
34928 0
34944 0
34960 0
34976 0
34992 0
35008 0
35024 0
35040 0
35056 0
35072 0
35088 0
35104 0
35120 0
35136 0
35152 0
35168 0
35184 0
35200 0
35216 0
35232 0
35248 0
35264 0
35280 0
35296 0
35312 0
35328 0
35344 0
35360 0
35376 0
35392 0
35408 0
35424 0
35440 0
35456 0
35472 0
35488 0
35504 0
35520 0
35536 0
35552 0
35568 0
35584 0
35600 0
35616 0
35632 0
35648 0
35664 0
35680 0
35696 0
35712 0
35728 0
35744 0
35760 0
35776 0
35792 0
35808 0
35824 0
35840 0
35856 0
35872 0
35888 0
35904 0
35920 0
35936 0
35952 0
35968 0
35984 0
36000 0
36016 0
36032 0
36048 0
36064 0
36080 0
36096 0
36112 0
36128 0
36144 0
36160 0
36176 0
36192 0
36208 0
36224 0
36240 0
36256 0
36272 0
36288 0
36304 0
36320 0
36336 0
36352 0
36368 0
36384 0
36400 0
36416 0
36432 0
36448 0
36464 0
36480 0
36496 0
36512 0
36528 0
36544 0
36560 0
36576 0
36592 0
36608 0
36624 0
36640 0
36656 0
36672 0
36688 0
36704 0
36720 0
36736 0
36752 0
36768 0
36784 0
36800 0
36816 0
36832 0
36848 0
36864 0
36880 0
36896 0
36912 0
36928 0
36944 0
36960 0
36976 0
36992 0
37008 0
37024 0
37040 0
37056 0
37072 0
37088 0
37104 0
37120 0
37136 0
37152 0
37168 0
37184 0
37200 0
37216 0
37232 0
37248 0
37264 0
37280 0
37296 0
37312 0
37328 0
37344 0
37360 0
37376 0
37392 0
37408 0
37424 0
37440 0
37456 0
37472 0
37488 0
37504 0
37520 0
37536 0
37552 0
37568 0
37584 0
37600 0
37616 0
37632 0
37648 0
37664 0
37680 0
37696 0
37712 0
37728 0
37744 0
37760 0
37776 0
37792 0
37808 0
37824 0
37840 0
37856 0
37872 0
37888 0
37904 0
37920 0
37936 0
37952 0
37968 0
37984 0
38000 0
38016 0
38032 0
38048 0
38064 0
38080 0
38096 0
38112 0
38128 0
38144 0
38160 0
38176 0
38192 0
38208 0
38224 0
38240 0
38256 0
38272 0
38288 0
38304 0
38320 0
38336 0
38352 0
38368 0
38384 0
38400 0
38416 0
38432 0
38448 0
38464 0
38480 0
38496 0
38512 0
38528 0
38544 0
38560 0
38576 0
38592 0
38608 0
38624 0
38640 0
38656 0
38672 0
38688 0
38704 0
38720 0
38736 0
38752 0
38768 0
38784 0
38800 0
38816 0
38832 0
38848 0
38864 0
38880 0
38896 0
38912 0
38928 0.000946659
38944 0.00284646
38960 0.0057025
38976 0.00951448
38992 0.0142786
39008 0.0199878
39024 0.0266312
39040 0.0341947
39056 0.0426606
39072 0.0520075
39088 0.0622106
39104 0.0732413
39120 0.0841624
39136 0.0949517
39152 0.12697
39168 0.128801
39184 0.126817
39200 0.121805
39216 0.114852
39232 0.108104
39248 0.101569
39264 0.0952588
39280 0.0891818
39296 0.0833476
39312 0.0777655
39328 0.0724442
39344 0.0673918
39360 0.0626149
39376 0.0583523
39392 0.0605481
39408 0.0629007
39424 0.0654163
39440 0.0681004
39456 0.0709582
39472 0.073995
39488 0.0772165
39504 0.0806292
39520 0.0842408
39536 0.0880601
39552 0.0920973
39568 0.0963634
39584 0.10087
39600 0.105629
39616 0.110652
39632 0.115951
39648 0.121536
39664 0.127416
39680 0.133599
39696 0.140538
39712 0.140893
39728 0.140528
39744 0.13941
39760 0.137502
39776 0.13477
39792 0.131179
39808 0.126698
39824 0.1213
39840 0.114961
39856 0.107663
39872 0.0993958
39888 0.0898956
39904 0.0803504
39920 0.0707825
39936 0.0612137
39952 0.0414515
39968 0.0263153
39984 0.0150585
40000 0.00712283
40016 0.00215086
40032 0
40048 0
40064 0
40080 0
40096 0
40112 0
40128 0
40144 0
40160 0
40176 0
40192 0
40208 0
40224 0
40240 0
40256 0
40272 0
40288 0
40304 0
40320 0
40336 0
40352 0
40368 0
40384 0
40400 0
40416 0
40432 0
40448 0
40464 0
40480 0
40496 0
40512 0
40528 0
40544 0
40560 0
40576 0
40592 0
40608 0
40624 0
40640 0
40656 0
40672 0
40688 0
40704 0
40720 0
40736 0
40752 0
40768 0
40784 0
40800 0
40816 0
40832 0
40848 0
40864 0
40880 0
40896 0
40912 0
40928 0
40944 0
40960 0
40976 0
40992 0
41008 0
41024 0
41040 0
41056 0
41072 0
41088 0
41104 0
41120 0
41136 0
41152 0
41168 0
41184 0
41200 0
41216 0
41232 0
41248 0
41264 0
41280 0
41296 0
41312 0
41328 0
41344 0
41360 0
41376 0
41392 0
41408 0
41424 0
41440 0
41456 0
41472 0
41488 0
41504 0
41520 0
41536 0
41552 0
41568 0
41584 0
41600 0
41616 0
41632 0
41648 0
41664 0
41680 0
41696 0
41712 0
41728 0
41744 0
41760 0
41776 0
41792 0
41808 0
41824 0
41840 0
41856 0
41872 0
41888 0
41904 0
41920 0
41936 0
41952 0
41968 0
41984 0
42000 0
42016 0
42032 0
42048 0
42064 0
42080 0
42096 0
42112 0
42128 0
42144 0
42160 0
42176 0
42192 0
42208 0
42224 0
42240 0
42256 0
42272 0
42288 0
42304 0
42320 0
42336 0
42352 0
42368 0
42384 0
42400 0
42416 0
42432 0
42448 0
42464 0
42480 0
42496 0
42512 0
42528 0.0110255
42544 0.0225604
42560 0.0346395
42576 0.0472973
42592 0.0605686
42608 0.0744882
42624 0.0890907
42640 0.104411
42656 0.120484
42672 0.137343
42688 0.155025
42704 0.173563
42720 0.192993
42736 0.213349
42752 0.234665
42768 0.236539
42784 0.238417
42800 0.240301
42816 0.242188
42832 0.244078
42848 0.245972
42864 0.247867
42880 0.249763
42896 0.251661
42912 0.253559
42928 0.255458
42944 0.257356
42960 0.259254
42976 0.261151
42992 0.263047
43008 0.264942
43024 0.256063
43040 0.247051
43056 0.237903
43072 0.228618
43088 0.219194
43104 0.209628
43120 0.199919
43136 0.190064
43152 0.180062
43168 0.169911
43184 0.159609
43200 0.149154
43216 0.149321
43232 0.149464
43248 0.149586
43264 0.149687
43280 0.149768
43296 0.149832
43312 0.149878
43328 0.149909
43344 0.149926
43360 0.14993
43376 0.149922
43392 0.149904
43408 0.149877
43424 0.149841
43440 0.149798
43456 0.14975
43472 0.149696
43488 0.149638
43504 0.149576
43520 0.149512
43536 0.149446
43552 0.149378
43568 0.14931
43584 0.149241
43600 0.149174
43616 0.149107
43632 0.149043
43648 0.148981
43664 0.148922
43680 0.148867
43696 0.148815
43712 0.148767
43728 0.148723
43744 0.148684
43760 0.148649
43776 0.148619
43792 0.148592
43808 0.14857
43824 0.148551
43840 0.148536
43856 0.148523
43872 0.148514
43888 0.148506
43904 0.148501
43920 0.148497
43936 0.148494
43952 0.148493
43968 0.148492
43984 0.148491
44000 0.148491
44016 0.148491
44032 0.148491
44048 0.158673
44064 0.16869
44080 0.178543
44096 0.188233
44112 0.197761
44128 0.207127
44144 0.216333
44160 0.225378
44176 0.234266
44192 0.242996
44208 0.251569
44224 0.259988
44240 0.25807
44256 0.256165
44272 0.254273
44288 0.252394
44304 0.250531
44320 0.248683
44336 0.246851
44352 0.245037
44368 0.243241
44384 0.241465
44400 0.239709
44416 0.237975
44432 0.236263
44448 0.234574
44464 0.23291
44480 0.231272
44496 0.22966
44512 0.228075
44528 0.226517
44544 0.224989
44560 0.22349
44576 0.222022
44592 0.220584
44608 0.219179
44624 0.217805
44640 0.216464
44656 0.215157
44672 0.213885
44688 0.212647
44704 0.211444
44720 0.210276
44736 0.209144
44752 0.208049
44768 0.206989
44784 0.205966
44800 0.20498
44816 0.204029
44832 0.203114
44848 0.202235
44864 0.20139
44880 0.200581
44896 0.199805
44912 0.199064
44928 0.198354
44944 0.197677
44960 0.197032
44976 0.196416
44992 0.195829
45008 0.195271
45024 0.19474
45040 0.194235
45056 0.193756
45072 0.193301
45088 0.19287
45104 0.192462
45120 0.192076
45136 0.191713
45152 0.191371
45168 0.191051
45184 0.190752
45200 0.190475
45216 0.19022
45232 0.189985
45248 0.189773
45264 0.189581
45280 0.189411
45296 0.189263
45312 0.189135
45328 0.189029
45344 0.171997
45360 0.155754
45376 0.140264
45392 0.125488
45408 0.111392
45424 0.0979388
45440 0.0850927
45456 0.0728184
45472 0.0610806
45488 0.0498447
45504 0.0390762
45520 0.028741
45536 0.0188054
45552 0.00923608
45568 0
45584 0
45600 0
45616 0
45632 0
45648 0
45664 0
45680 0
45696 0
45712 0
45728 0
45744 0
45760 0
45776 0
45792 0
45808 0
45824 0
45840 0
45856 0
45872 0
45888 0
45904 0
45920 0
45936 0
45952 0
45968 0
45984 0
46000 0
46016 0
46032 0
46048 0
46064 0
46080 0
46096 0
46112 0
46128 0
46144 0
46160 0
46176 0
46192 0
46208 0
46224 0
46240 0
46256 0
46272 0
46288 0
46304 0
46320 0
46336 0
46352 0
46368 0
46384 0
46400 0
46416 0
46432 0
46448 0
46464 0
46480 0
46496 0
46512 0
46528 0
46544 0
46560 0
46576 0
46592 0
46608 0
46624 0
46640 0
46656 0
46672 0
46688 0
46704 0
46720 0
46736 0
46752 0
46768 0
46784 0
46800 0
46816 0
46832 0
46848 0
46864 0
46880 0
46896 0
46912 0
46928 0
46944 0
46960 0
46976 0
46992 0
47008 0
47024 0
47040 0
47056 0
47072 0
47088 0
47104 0
47120 0
47136 0
47152 0
47168 0
47184 0
47200 0
47216 0
47232 0
47248 0
47264 0
47280 0
47296 0
47312 0
47328 0
47344 0
47360 0
47376 0
47392 0
47408 0
47424 0
47440 0
47456 0
47472 0
47488 0
47504 0
47520 0
47536 0
47552 0
47568 0
47584 0
47600 0
47616 0
47632 0
47648 0
47664 0
47680 0
47696 0
47712 0
47728 0
47744 0
47760 0
47776 0
47792 0
47808 0
47824 0
47840 0
47856 0
47872 0
47888 0
47904 0
47920 0
47936 0
47952 0
47968 0
47984 0
48000 0
48016 0
48032 0
48048 0
48064 0
48080 0
48096 0
48112 0
48128 0
48144 0
48160 0
48176 0
48192 0
48208 0
48224 0
48240 0
48256 0
48272 0
48288 0
48304 0
48320 0
48336 0
48352 0
48368 0
48384 0
48400 0
48416 0
48432 0
48448 0
48464 0
48480 0
48496 0
48512 0
48528 0
48544 0
48560 0
48576 0
48592 0
48608 0
48624 0
48640 0
48656 0
48672 0
48688 0
48704 0
48720 0
48736 0
48752 0
48768 0
48784 0
48800 0
48816 0
48832 0
48848 0
48864 0
48880 0
48896 0
48912 0
48928 0
48944 0
48960 0
48976 0
48992 0
49008 0
49024 0
49040 0
49056 0
49072 0
49088 0
49104 0
49120 0
49136 0
49152 0
49168 0
49184 0
49200 0
49216 0
49232 0
49248 0
49264 0
49280 0
49296 0
49312 0
49328 0
49344 0
49360 0
49376 0
49392 0
49408 0
49424 0
49440 0
49456 0
49472 0
49488 0
49504 0
49520 0
49536 0
49552 0
49568 0
49584 0
49600 0
49616 0
49632 0
49648 0
49664 0
49680 0
49696 0
49712 0
49728 0
49744 0
49760 0
49776 0
49792 0
49808 0
49824 0
49840 0
49856 0
49872 0
49888 0
49904 0
49920 0
49936 0
49952 0
49968 0
49984 0
50000 0
50016 0
50032 0
50048 0
50064 0
50080 0
50096 0
50112 0
50128 0
50144 0
50160 0
50176 0
50192 0
50208 0
50224 0
50240 0
50256 0
50272 0
50288 0
50304 0
50320 0
50336 0
50352 0
50368 0
50384 0
50400 0
50416 0
50432 0
50448 0
50464 0
50480 0
50496 0
50512 0
50528 0
50544 0
50560 0
50576 0
50592 0
50608 0
50624 0
50640 0
50656 0
50672 0
50688 0
50704 0
50720 0
50736 0
50752 0
50768 0
50784 0
50800 0
50816 0
50832 0
50848 0
50864 0
50880 0
50896 0
50912 0
50928 0
50944 0
50960 0
50976 0
50992 0
51008 0
51024 0
51040 0
51056 0
51072 0
51088 0
51104 0
51120 0
51136 0
51152 0
51168 0
51184 0
51200 0
51216 0
51232 0
51248 0
51264 0
51280 0
51296 0
51312 0
51328 0
51344 0
51360 0
51376 0
51392 0
51408 0
51424 0
51440 0
51456 0
51472 0
51488 0
51504 0
51520 0
51536 0
51552 0
51568 0
51584 0
51600 0
51616 0
51632 0
51648 0
51664 0
51680 0
51696 0
51712 0
51728 0
51744 0
51760 0
51776 0
51792 0
51808 0
51824 0
51840 0
51856 0
51872 0
51888 0
51904 0
51920 0
51936 0
51952 0
51968 0
51984 0
52000 0
52016 0
52032 0
52048 0
52064 0
52080 0
52096 0
52112 0
52128 0
52144 0
52160 0
52176 0
52192 0
52208 0
52224 0
52240 0
52256 0
52272 0
52288 0
52304 0
52320 0
52336 0
52352 0
52368 0
52384 0
52400 0
52416 0
52432 0
52448 0
52464 0
52480 0
52496 0
52512 0
52528 0
52544 0
52560 0
52576 0
52592 0
52608 0
52624 0
52640 0
52656 0
52672 0
52688 0
52704 0
52720 0
52736 0
52752 0
52768 0
52784 0
52800 0
52816 0
52832 0
52848 0
52864 0
52880 0
52896 0
52912 0
52928 0
52944 0
52960 0
52976 0
52992 0
53008 0
53024 0
53040 0
53056 0
53072 0
53088 0
53104 0
53120 0
53136 0
53152 0
53168 0
53184 0
53200 0
53216 0
53232 0
53248 0
53264 0
53280 0
53296 0
53312 0
53328 0
53344 0
53360 0
53376 0
53392 0
53408 0
53424 0
53440 0
53456 0
53472 0
53488 0
53504 0
53520 0
53536 0
53552 0
53568 0
53584 0
53600 0
53616 0
53632 0
53648 0
53664 0
53680 0
53696 0
53712 0
53728 0
53744 0
53760 0
53776 0
53792 0
53808 0
53824 0
53840 0
53856 0
53872 0
53888 0
53904 0
53920 0
53936 0
53952 0
53968 0
53984 0
54000 0
54016 0
54032 0
54048 0
54064 0
54080 0
54096 0
54112 0
54128 0
54144 0
