P W
16 0
32 0
48 0
64 0
80 0
96 0
112 0
128 0
144 0
160 0
176 0
192 0
208 0
224 0
240 0
256 0
272 0
288 0
304 0
320 0
336 0
352 0
368 0
384 0
400 0
416 0
432 0
448 0
464 0
480 0
496 0
512 0
528 0
544 0
560 0
576 0
592 0
608 0
624 0
640 0
656 0
672 0
688 0
704 0
720 0
736 0
752 0
768 0
784 0
800 0
816 0
832 -0.0021621
848 -0.00207567
864 -0.00199091
880 -0.001908
896 -0.00182676
912 -0.00174737
928 -0.0016697
944 -0.00159377
960 -0.00151968
976 -0.00144732
992 -0.00137669
1008 -0.0013079
1024 -0.00124079
1040 -0.00117546
1056 -0.00111198
1072 -0.00105017
1088 -0.000990152
1104 -0.000931919
1120 -0.000875473
1136 -0.000820696
1152 -0.000767767
1168 -0.000716627
1184 -0.000667155
1200 -0.000619531
1216 -0.000573635
1232 -0.000529468
1248 -0.000487149
1264 -0.000446558
1280 -0.000407696
1296 -0.000370681
1312 -0.000335336
1328 -0.000301838
1344 -0.000270009
1360 -0.000240088
1376 -0.000211775
1392 -0.000185311
1408 -0.000160635
1424 -0.000137687
1440 -0.000116467
1456 -9.7096e-05
1472 -7.93934e-05
1488 -6.35386e-05
1504 -4.94123e-05
1520 -3.70741e-05
1536 -2.65241e-05
1552 -1.7643e-05
1568 -1.055e-05
1584 -5.30481e-06
1600 -1.78814e-06
1616 0
1632 0
1648 0
1664 0
1680 0
1696 0
1712 0
1728 0
1744 0
1760 0
1776 0
1792 0
1808 0
1824 0
1840 0
1856 0
1872 0
1888 0
1904 0
1920 0
1936 0
1952 0
1968 0
1984 0
2000 0
2016 0
2032 0
2048 0
2064 0
2080 0
2096 0
2112 0
2128 0
2144 0
2160 0
2176 0
2192 0
2208 0
2224 0
2240 0
2256 0
2272 0
2288 0
2304 0
2320 0
2336 0
2352 0
2368 0
2384 0
2400 0
2416 0
2432 0
2448 0
2464 0
2480 0
2496 0
2512 0
2528 -1.72853e-06
2544 -5.30481e-06
2560 -1.06096e-05
2576 -1.7643e-05
2592 -2.64645e-05
2608 -3.70741e-05
2624 -4.94123e-05
2640 -6.35386e-05
2656 -7.9453e-05
2672 -9.70364e-05
2688 -0.000116527
2704 -0.000137627
2720 -0.000160635
2736 -0.000185311
2752 -0.000211835
2768 -0.000240028
2784 -0.000268281
2800 -0.000296533
2816 -0.000324726
2832 -0.000353038
2848 -0.000381231
2864 -0.000409484
2880 -0.000437737
2896 -0.00046593
2912 -0.000494242
2928 -0.000522435
2944 -0.000550687
2960 -0.00057888
2976 -0.000607193
2992 -0.000635386
3008 -0.000663638
3024 -0.000691891
3040 -0.000720143
3056 -0.000748336
3072 -0.000776589
3088 -0.000804842
3104 -0.000833094
3120 -0.000861347
3136 -0.00088954
3152 -0.000917792
3168 -0.000946045
3184 -0.000974298
3200 -0.00100255
3216 -0.00103074
3232 -0.001059
3248 -0.00108725
3264 -0.0011155
3280 -0.00114369
3296 -0.00117022
3312 -0.00119489
3328 -0.0012179
3344 -0.001239
3360 -0.00125843
3376 -0.00127614
3392 -0.00129199
3408 -0.00130612
3424 -0.00131845
3440 -0.001329
3456 -0.00133789
3472 -0.00134498
3488 -0.00135022
3504 -0.00135374
3520 -0.00135553
3536 -0.00135553
3552 -0.00135553
3568 -0.00135553
3584 -0.00135553
3600 -0.00135553
3616 -0.00135553
3632 -0.00135547
3648 -0.00135553
3664 -0.00135553
3680 -0.00135553
3696 -0.00135553
3712 -0.00135553
3728 -0.00135553
3744 -0.00135553
3760 -0.00135553
3776 -0.00135553
3792 -0.00135553
3808 -0.00135726
3824 -0.00136083
3840 -0.00136614
3856 -0.00137317
3872 -0.00138199
3888 -0.0013926
3904 -0.00140494
3920 -0.00141907
3936 -0.00143492
3952 -0.00145262
3968 -0.001472
3984 -0.00149322
4000 -0.00151616
4016 -0.00154084
4032 -0.0015673
4048 -0.00159556
4064 -0.00162733
4080 -0.00166267
4096 -0.00170147
4112 0.182099
4128 0
4144 0
4160 0
4176 0
4192 0
4208 0
4224 0
4240 0
4256 0
4272 0
4288 0
4304 0
4320 0
4336 0
4352 0
4368 -0.214794
4384 -0.00230157
4400 -0.00238627
4416 -0.00247103
4432 -0.00255573
4448 -0.00264043
4464 -0.00272518
4480 -0.00280988
4496 -0.00289458
4512 -0.00297934
4528 -0.0030641
4544 -0.00314873
4560 -0.00323349
4576 -0.00331825
4592 -0.00340289
4608 -0.00348765
4624 -0.0035724
4640 -0.0036571
4656 -0.0037418
4672 -0.00382656
4688 -0.00391126
4704 -0.00399595
4720 -0.00408244
4736 -0.00417072
4752 -0.00426072
4768 -0.00435251
4784 -0.00444609
4800 -0.00454134
4816 -0.00463843
4832 -0.00473374
4848 -0.00482732
4864 -0.00491905
4880 -0.00500911
4896 -0.00509733
4912 -0.00518382
4928 -0.00526857
4944 -0.00535148
4960 -0.00543267
4976 -0.00551212
4992 -0.00558978
5008 -0.00566572
5024 -0.00573975
5040 -0.00581217
5056 -0.0058828
5072 -0.00595158
5088 -0.0060187
5104 -0.00608397
5120 -0.0061475
5136 0.415638
5152 0
5168 0
5184 0
5200 0
5216 0
5232 0
5248 0
5264 0
5280 0
5296 0
5312 0
5328 0
5344 0
5360 0
5376 0
5392 0
5408 0
5424 0
5440 0
5456 0
5472 0
5488 0
5504 0
5520 0
5536 0
5552 0
5568 0
5584 0
5600 0
5616 0
5632 0
5648 0
5664 0
5680 0
5696 0
5712 0
5728 0
5744 0
5760 0
5776 0
5792 0
5808 0
5824 0
5840 0
5856 1.72853e-06
5872 5.30481e-06
5888 1.06096e-05
5904 1.7643e-05
5920 2.64645e-05
5936 3.70741e-05
5952 4.94123e-05
5968 6.35386e-05
5984 7.9453e-05
6000 9.70364e-05
6016 0.000116527
6032 0.000137627
6048 0.000160635
6064 0.000185311
6080 0.000211835
6096 0.000240028
6112 0.000271797
6128 0.000307143
6144 0.000345886
6160 0.000388324
6176 0.00043422
6192 0.000483572
6208 0.000536561
6224 0.000593066
6240 0.000653028
6256 0.000716627
6272 0.000783622
6288 0.000854313
6304 0.000928342
6320 0.00100607
6336 0.00108725
6352 0.00117195
6368 0.0012567
6384 0.0013414
6400 0.00142616
6416 -0.400092
6432 0.00781369
6448 0.00780666
6464 0.00779778
6480 0.00778723
6496 0.00777483
6512 0.00776076
6528 0.00774485
6544 0.00772721
6560 0.00770777
6576 0.00768661
6592 0.00766367
6608 0.00763893
6624 0.00761074
6640 0.00757891
6656 0.00754362
6672 0.00750482
6688 0.0210283
6704 0.0205058
6720 0.0199817
6736 0.0194557
6752 0.0189279
6768 0.018402
6784 0.0178778
6800 0.0173553
6816 0.0168347
6832 0.0163157
6848 0.0157986
6864 0.0152832
6880 0.0147696
6896 0.0142577
6912 0.0137476
6928 0.0132393
6944 0.0127328
6960 0.012228
6976 0.0117249
6992 0.0112237
7008 0.0107242
7024 0.0102265
7040 0.00973049
7056 0.00923628
7072 0.00874385
7088 0.00825316
7104 0.00776428
7120 0.0072771
7136 0.00679177
7152 0.00630811
7168 0.00582629
7184 0.00051716
7200 0.000960171
7216 0.000960141
7232 0.000960171
7248 0.000960171
7264 0.000960171
7280 0.000963688
7296 0.000970751
7312 0.000981331
7328 0.000995457
7344 0.00101313
7360 0.00103429
7376 0.001059
7392 0.00108725
7408 0.00111902
7424 0.00115433
7440 0.00119314
7456 0.00123549
7472 0.00128141
7488 0.00133082
7504 0.00138375
7520 0.00144026
7536 0.00149849
7552 0.00155848
7568 0.00162029
7584 0.0016838
7600 0.00174913
7616 0.00181618
7632 0.00188506
7648 0.0019556
7664 0.00202802
7680 0.00210211
7696 0.00262105
7712 -0.00261045
7728 -0.0030129
7744 -0.00341529
7760 -0.00381771
7776 -0.00422013
7792 -0.00462255
7808 -0.00502497
7824 -0.00542739
7840 -0.00582984
7856 -0.00623223
7872 -0.00663465
7888 -0.00703707
7904 -0.00743952
7920 -0.00784191
7936 -0.00824437
7952 -0.00864676
7968 -0.00904918
7984 -0.00945163
8000 -0.00985402
8016 -0.0102565
8032 -0.0106589
8048 -0.011063
8064 -0.011469
8080 -0.0118767
8096 -0.0122862
8112 -0.0126975
8128 -0.0131105
8144 -0.0135252
8160 -0.0139436
8176 -0.0143636
8192 -0.0147749
8208 -0.00115782
8224 -0.00110137
8240 -0.00104487
8256 -0.000988424
8272 -0.000931919
8288 -0.000875473
8304 -0.000820696
8320 -0.000767767
8336 -0.000716627
8352 -0.000667155
8368 -0.000619531
8384 -0.000573635
8400 -0.000529468
8416 -0.000487149
8432 -0.000446558
8448 -0.000407696
8464 -0.000370681
8480 -0.000335336
8496 -0.000301838
8512 -0.000270009
8528 -0.000240088
8544 -0.000211775
8560 -0.000185311
8576 -0.000160635
8592 -0.000137687
8608 -0.000116467
8624 -9.7096e-05
8640 -7.93934e-05
8656 -6.35386e-05
8672 -4.76837e-05
8688 -3.17693e-05
8704 -1.58548e-05
8720 0
8736 1.58548e-05
8752 3.17693e-05
8768 4.76837e-05
8784 6.35386e-05
8800 7.93934e-05
8816 9.7096e-05
8832 0.000116467
8848 0.000137687
8864 0.000160635
8880 0.000185311
8896 0.000211775
8912 0.000240088
8928 0.000270009
8944 0.000301838
8960 0.000335336
8976 0.000370681
8992 0.0154085
9008 0.0150926
9024 0.0147678
9040 0.0144342
9056 0.0140918
9072 0.0137406
9088 0.0133805
9104 0.0130116
9120 0.0126339
9136 0.0122474
9152 0.0118538
9168 0.0114637
9184 0.011079
9200 0.0106995
9216 0.0103253
9232 0.00995639
9248 0.00959283
9264 0.00923452
9280 0.00888151
9296 0.00853381
9312 0.00819141
9328 0.00785249
9344 0.00751719
9360 0.00718534
9376 0.00685704
9392 0.00653231
9408 0.00621104
9424 0.00589335
9440 0.00557745
9456 0.00526324
9472 0.00495085
9488 0.00464019
9504 0.00433132
9520 0.00402424
9536 0.00371885
9552 0.00341529
9568 0.00311348
9584 0.00281343
9600 0.00251514
9616 0.0022186
9632 0.00192386
9648 0.00163087
9664 0.00133964
9680 0.00105017
9696 0.000762492
9712 0.000476539
9728 0.000192374
9744 -0.00665584
9760 -0.0025416
9776 -0.00237218
9792 -0.00220272
9808 -0.00203329
9824 -0.00186384
9840 -0.00169441
9856 -0.00152496
9872 -0.00135553
9888 -0.0011861
9904 -0.00101665
9920 -0.000847191
9936 -0.000677764
9952 -0.000508308
9968 -0.000338882
9984 -0.000169456
10000 0
10016 0.000169456
10032 0.000338882
10048 0.000508308
10064 0.000677764
10080 0.000847191
10096 0.00101665
10112 0.0011861
10128 0.00135553
10144 0.00152496
10160 0.00169441
10176 0.00186384
10192 0.00203329
10208 0.00220096
10224 0.00236687
10240 0.00253102
10256 0.0066382
10272 -0.000218868
10288 -0.000513613
10304 -0.000811905
10320 -0.00111371
10336 -0.00141907
10352 -0.00172794
10368 -0.00204036
10384 -0.00235629
10400 -0.00267574
10416 -0.00299874
10432 -0.00332528
10448 -0.00365531
10464 -0.00398892
10480 -0.00432605
10496 -0.00466666
10512 -0.00501087
10528 -0.00535855
10544 -0.0057098
10560 -0.00606456
10576 -0.00642288
10592 -0.00678468
10608 -0.00715005
10624 -0.00750834
10640 -0.0078578
10656 -0.00819847
10672 -0.00853026
10688 -0.00885329
10704 -0.00916743
10720 -0.00947103
10736 -0.00976405
10752 -0.0100464
10768 -0.0103182
10784 -0.0105794
10800 -0.0108301
10816 -0.0110701
10832 -0.0112996
10848 -0.0115184
10864 -0.0117267
10880 -0.0119244
10896 -0.0121115
10912 -0.012288
10928 -0.0124539
10944 -0.0126092
10960 -0.0127539
10976 -0.0128881
10992 -0.0130116
11008 -0.0131246
11024 0
11040 7.236e-05
11056 0.00014478
11072 0.0132517
11088 0.0131246
11104 0.0129869
11120 0.0128387
11136 0.0126798
11152 0.0125104
11168 0.0123304
11184 0.0121397
11200 0.0119385
11216 0.0117267
11232 0.0115043
11248 0.0112713
11264 0.0110278
11280 0.0107736
11296 0.0105088
11312 0.0102335
11328 0.00994757
11344 0.00965106
11360 0.00934395
11376 0.00902802
11392 0.00870323
11408 0.00836968
11424 0.00802726
11440 0.00767601
11456 0.00731596
11472 0.00694883
11488 0.00658524
11504 0.00622693
11520 0.00587395
11536 0.00552624
11552 0.00518382
11568 0.00484672
11584 0.00451487
11600 0.00418836
11616 0.00386715
11632 0.00355119
11648 0.00324056
11664 0.0029352
11680 0.00263515
11696 0.00234041
11712 0.00205094
11728 0.00176677
11744 0.00148615
11760 0.00120902
11776 0.00199966
11792 -0.0101576
11808 -0.00338881
11824 -0.00316289
11840 -0.00293697
11856 -0.00271106
11872 -0.00248513
11888 -0.00225921
11904 -0.00203329
11920 -0.00180736
11936 -0.00158146
11952 -0.0013555
11968 -0.00112963
11984 -0.000903666
12000 -0.000677764
12016 -0.000451833
12032 -0.000225931
12048 0
12064 0.000225931
12080 0.000451833
12096 0.000677764
12112 0.000903666
12128 0.00112963
12144 0.0013555
12160 0.00158146
12176 0.00180736
12192 0.00203329
12208 0.00225921
12224 0.00248513
12240 0.00271106
12256 0.00293697
12272 0.00316289
12288 0.00338881
12304 0.0101576
12320 0.00210918
12336 0.00190973
12352 0.00170854
12368 0.00150554
12384 0.00130081
12400 0.00109254
12416 0.000880748
12432 0.000665396
12448 0.000446558
12464 0.000224158
12480 -1.77324e-06
12496 -0.000231206
12512 -0.000464201
12528 -0.000700712
12544 -0.00094074
12560 -0.00118433
12576 -0.00143142
12592 -0.00168204
12608 -0.00193621
12624 -0.00219391
12640 -0.00245512
12656 -0.00271988
12672 -0.00298816
12688 -0.00325997
12704 -0.0035353
12720 -0.00381419
12736 -0.00409658
12752 -0.00438251
12768 -0.00467198
12784 -0.00496495
12800 -0.00526151
12816 -0.00556153
12832 -0.00586513
12848 -0.00617221
12864 -0.00648287
12880 -0.00679705
12896 -0.00711474
12912 -0.00743598
12928 -0.00776073
12944 -0.00808904
12960 -0.00842085
12976 -0.00875619
12992 -0.00909507
13008 -0.0094375
13024 -0.00978521
13040 -0.0101382
13056 -0.0104965
13072 -0.0108601
13088 -0.011229
13104 -0.0116032
13120 -0.0119826
13136 -0.0123674
13152 -0.0127575
13168 -0.013151
13184 -0.0135376
13200 -0.0139153
13216 -0.0142842
13232 -0.0146443
13248 -0.0149955
13264 -0.0153379
13280 -0.0156715
13296 -0.0159962
13312 -0.0163122
13328 -1.7643e-05
13344 -1.055e-05
13360 -5.30481e-06
13376 -1.78814e-06
13392 0
13408 0
13424 0
13440 0
13456 0
13472 0
13488 0
13504 0
13520 0
13536 1.78814e-06
13552 5.30481e-06
13568 1.055e-05
13584 1.7643e-05
13600 0.0163122
13616 0.0159962
13632 0.0156715
13648 0.0153379
13664 0.0149955
13680 0.0146443
13696 0.0142842
13712 0.0139153
13728 0.0135376
13744 0.013151
13760 0.0127575
13776 0.0123674
13792 0.0119826
13808 0.0116032
13824 0.011229
13840 0.0108601
13856 0.0104965
13872 0.0101382
13888 0.00978521
13904 0.0094375
13920 0.00909507
13936 0.00875619
13952 0.00842085
13968 0.00808904
13984 0.00776073
14000 0.00743598
14016 0.00711474
14032 0.00679705
14048 0.00648287
14064 0.00617221
14080 0.00586513
14096 0.00556153
14112 0.00526151
14128 0.00496495
14144 0.00467198
14160 0.00438251
14176 0.00409658
14192 0.00381419
14208 0.0035353
14224 0.00325997
14240 0.00298816
14256 0.00271988
14272 0.00245512
14288 0.00219391
14304 0.00193621
14320 0.00168204
14336 0.00143142
14352 0.00118433
14368 0.00094074
14384 0.000700712
14400 0.000464201
14416 0.000231206
14432 1.77324e-06
14448 -0.000224158
14464 -0.000446558
14480 -0.000665396
14496 -0.000880748
14512 -0.00109254
14528 -0.00130081
14544 -0.00150554
14560 -0.00170854
14576 -0.00190973
14592 -0.00210918
14608 -0.0101576
14624 -0.00338881
14640 -0.00316289
14656 -0.00293697
14672 -0.00271106
14688 -0.00248513
14704 -0.00225921
14720 -0.00203329
14736 -0.00180736
14752 -0.00158146
14768 -0.0013555
14784 -0.00112963
14800 -0.000903666
14816 -0.000679523
14832 -0.000457138
14848 -0.000236511
14864 -1.76728e-05
14880 0.000199467
14896 0.000414759
14912 0.000628352
14928 0.000840127
14944 0.0010502
14960 0.00125843
14976 0.00146496
14992 0.00166969
15008 0.00187267
15024 0.00207388
15040 0.00227334
15056 0.002471
15072 0.00266869
15088 0.00286637
15104 0.00306405
15120 0.00980462
15136 0.00172794
15152 0.00150025
15168 0.00127082
15184 0.00103958
15200 0.000806615
15216 0.000570089
15232 0.000330061
15248 8.64863e-05
15264 -0.00016062
15280 -0.000411242
15296 -0.000665411
15312 -0.000923097
15328 -0.00118431
15344 -0.00144908
15360 -0.00171734
15376 -0.00198917
15392 -0.0022645
15408 -0.00254337
15424 -0.00282578
15440 -0.00311171
15456 -0.00340116
15472 -0.00369416
15488 -0.00399068
15504 -0.00429073
15520 -0.00459433
15536 -0.00490141
15552 -0.00521207
15568 -0.00552624
15584 -0.00584394
15600 -0.00616518
15616 -0.00648993
15632 -0.00681821
15648 -0.00715005
15664 -0.00748539
15680 -0.00782427
15696 -0.0081667
15712 -0.00851262
15728 -0.00886211
15744 -0.00921509
15760 -0.00957164
15776 -0.00993168
15792 -0.0102953
15808 -0.0106624
15824 -0.0110331
15840 -0.0114055
15856 -0.0117797
15872 -0.0121556
15888 -0.0125333
15904 -0.0129128
15920 -0.013294
15936 -0.0136771
15952 -0.0140618
15968 -0.0144483
15984 -0.0148367
16000 -0.0152267
16016 -0.0156186
16032 -0.0160121
16048 -0.0164075
16064 -0.0168046
16080 -0.0172035
16096 -0.0176042
16112 -0.0180048
16128 -0.0183949
16144 -0.00178975
16160 -0.00176501
16176 -0.00173849
16192 -0.0017103
16208 -0.00168031
16224 -0.00164849
16240 -0.00161326
16256 -0.00157434
16272 -0.00153202
16288 -0.00148618
16304 -0.00143671
16320 -0.00138378
16336 -0.00132728
16352 -0.00126904
16368 -0.00120902
16384 -0.00114727
16400 0.13861
16416 7.24196e-05
16432 0.00014472
16448 0.00021708
16464 0.00028944
16480 0.00036186
16496 0.00043416
16512 0.00050658
16528 0.00057894
16544 0.00065124
16560 0.00072366
16576 0.00079602
16592 0.00086838
16608 0.000939012
16624 0.0010078
16640 0.00107491
16656 -0.134751
16672 0.00268632
16688 0.00277632
16704 0.0028646
16720 0.00295115
16736 0.00303578
16752 0.00311875
16768 0.00319999
16784 0.00327939
16800 0.00335699
16816 0.00343299
16832 0.00350702
16848 0.00357944
16864 0.00365007
16880 0.00371885
16896 0.00378597
16912 0.00385123
16928 0.00391477
16944 0.00397658
16960 0.00403655
16976 0.00409484
16992 0.00415128
17008 0.004206
17024 0.00425899
17040 0.00431013
17056 0.00435954
17072 0.00440723
17088 0.00445312
17104 0.00449723
17120 0.00453961
17136 0.0045802
17152 0.004619
17168 0.00465608
17184 0.00469142
17200 0.00472492
17216 0.00475669
17232 0.00478667
17248 0.00481498
17264 0.00484318
17280 0.00487143
17296 0.00489962
17312 0.00492793
17328 0.00495613
17344 0.00498438
17360 0.00501263
17376 0.00504082
17392 0.00506914
17408 0.00509733
17424 0.00512558
17440 0.00515381
17456 0.00518206
17472 0.00521031
17488 0.00523853
17504 0.00526679
17520 0.00529501
17536 0.00532326
17552 0.00535151
17568 0.00537974
17584 0.00540799
17600 0.00543621
17616 0.00546446
17632 0.0187179
17648 0.0183367
17664 0.0179589
17680 0.0259721
17696 0.0167058
17712 0.0160139
17728 0.0153362
17744 0.0146725
17760 0.014023
17776 0.0133876
17792 0.0127663
17808 0.0121591
17824 0.0115661
17840 0.0109872
17856 0.0104224
17872 0.00987169
17888 0.00933512
17904 0.00881268
17920 0.00830436
17936 0.00707944
17952 -0.00645992
17968 -0.00693296
17984 -0.00742008
18000 -0.00792135
18016 -0.00843674
18032 -0.00896446
18048 -0.00950457
18064 -0.010057
18080 -0.0106218
18096 -0.011199
18112 -0.0117885
18128 -0.0123903
18144 -0.0130063
18160 -0.0136364
18176 -0.0142807
18192 -0.0226521
18208 -0.0154473
18224 -0.0157951
18240 -0.0161463
18256 -0.0165011
18272 -0.0168594
18288 -0.0172229
18304 -0.0175918
18320 -0.017966
18336 -0.00442487
18352 -0.0043931
18368 -0.00436312
18384 -0.00433484
18400 -0.0043084
18416 -0.00428367
18432 -0.00426072
18448 -0.00423956
18464 -0.00422013
18480 -0.00420249
18496 -0.0041866
18512 -0.00417247
18528 -0.00416011
18544 -0.00414956
18560 -0.00414068
18576 -0.00413364
18592 -0.0041284
18608 -0.00412482
18624 -0.00412303
18640 -0.00412303
18656 -0.00412482
18672 -0.0041284
18688 -0.00413364
18704 -0.00414068
18720 -0.00414956
18736 -0.00416011
18752 -0.0041725
18768 -0.00418657
18784 -0.00420249
18800 -0.00422013
18816 -0.00423956
18832 -0.00426072
18848 -0.00428367
18864 -0.0043084
18880 -0.00433487
18896 -0.00436306
18912 -0.00439137
18928 -0.00441957
18944 -0.00444782
18960 -0.00447607
18976 -0.00450426
18992 -0.00453252
19008 -0.00456083
19024 -0.00458902
19040 -0.00461721
19056 -0.00464553
19072 -0.00467372
19088 -0.00470197
19104 -0.00473022
19120 -0.00475848
19136 -0.00478667
19152 -0.00481498
19168 -0.00484318
19184 -0.00487143
19200 -0.00489962
19216 -0.00492793
19232 -0.00495613
19248 -0.00498438
19264 -0.00501263
19280 -0.00504082
19296 -0.00506914
19312 -0.00509906
19328 -0.00513089
19344 -0.00516444
19360 -0.00519967
19376 -0.0052368
19392 -0.00527561
19408 -0.0053162
19424 -0.00535858
19440 -0.00540268
19456 -0.00544858
19472 -0.0054962
19488 -0.00554568
19504 -0.00559682
19520 -0.00564981
19536 -0.00570446
19552 -0.00576103
19568 -0.0058192
19584 -0.00587922
19600 -0.00594103
19616 -0.00600457
19632 -0.00606984
19648 -0.00613695
19664 -0.00620574
19680 -0.00627637
19696 -0.00634873
19712 -0.00642288
19728 0.340332
19744 -1.06096e-05
19760 -5.30481e-06
19776 -1.72853e-06
19792 0
19808 0
19824 0
19840 0
19856 0
19872 0
19888 0
19904 0
19920 0
19936 0
19952 0
19968 0
19984 0
20000 0
20016 0
20032 0
20048 0
20064 0
20080 0
20096 0
20112 0
20128 0
20144 0
20160 0
20176 0
20192 0
20208 0
20224 0
20240 0
20256 0
20272 0
20288 0
20304 0
20320 0
20336 0
20352 0
20368 0
20384 0
20400 0
20416 0
20432 0
20448 1.72853e-06
20464 5.30481e-06
20480 1.06096e-05
20496 -0.257656
20512 0.00175267
20528 0.00185323
20544 0.0019539
20560 0.00205445
20576 0.00215507
20592 0.00225389
20608 0.00235099
20624 0.00244629
20640 0.00253987
20656 0.0026316
20672 0.00272167
20688 0.00280988
20704 0.00289637
20720 0.00298113
20736 0.00306404
20752 0.00314522
20768 0.00322467
20784 0.00330234
20800 0.00337821
20816 0.00345236
20832 0.00352472
20848 0.00359535
20864 0.00366414
20880 0.00373125
20896 0.00379652
20912 0.00386006
20928 0.00392187
20944 0.00398183
20960 0.00404012
20976 0.00409657
20992 0.00415128
21008 0.00420427
21024 0.00425541
21040 0.00430483
21056 0.00435251
21072 0.00439841
21088 0.00444251
21104 0.00448489
21120 0.00452548
21136 0.00456434
21152 0.00460136
21168 0.00463665
21184 0.0046702
21200 0.00470197
21216 0.00473022
21232 0.00475496
21248 0.00477612
21264 0.00479376
21280 0.00480783
21296 0.0048185
21312 0.00482553
21328 0.00482905
21344 0.00482905
21360 0.00483084
21376 0.00483435
21392 0.00483966
21408 0.00484669
21424 0.00485551
21440 0.00486612
21456 0.00487852
21472 0.00489259
21488 0.0049085
21504 0.00492609
21520 0.00494558
21536 0.00496674
21552 0.00498968
21568 0.00501436
21584 0.00504088
21600 0.00506908
21616 0.00509912
21632 0.00513086
21648 0.00516441
21664 0.00519973
21680 0.00523677
21696 0.00527561
21712 0.0053162
21728 0.00535855
21744 0.00540268
21760 0.00544858
21776 0.00549623
21792 0.00554565
21808 0.00559685
21824 0.00564978
21840 0.00570452
21856 0.00576097
21872 0.00581923
21888 0.00587925
21904 0.005941
21920 0.00600454
21936 0.00606987
21952 0.00613692
21968 0.00620577
21984 0.00627637
22000 0.00634873
22016 0.00642285
22032 0.0155886
22048 0.0173094
22064 0.0166122
22080 0.015931
22096 0.0152655
22112 0.014616
22128 0.0139806
22144 0.0133593
22160 0.0127522
22176 0.0121591
22192 0.0115802
22208 0.0110154
22224 0.0104647
22240 0.00992815
22256 0.00940573
22272 0.00889739
22288 0.0084032
22304 0.00792313
22320 0.00745714
22336 0.00700532
22352 0.00656759
22368 0.00614399
22384 0.00573451
22400 0.00533915
22416 0.0049579
22432 -0.00514676
22448 -0.00553507
22464 -0.00593748
22480 -0.00635403
22496 -0.00678645
22512 -0.00723477
22528 -0.00769896
22544 -0.33245
22560 -0.0029352
22576 -0.00366062
22592 -0.00440368
22608 -0.00516441
22624 -0.00594279
22640 -0.00673878
22656 -0.00755247
22672 -0.00838381
22688 -0.0092327
22704 -0.0100994
22720 -0.0109836
22736 -0.0118855
22752 -0.0128016
22768 -0.0137318
22784 -0.014676
22800 -0.024546
22816 -0.0164304
22832 -0.0051803
22848 -0.00536209
22864 -0.0055421
22880 -0.00572038
22896 -0.00589693
22912 -0.00607163
22928 -0.0062446
22944 -0.00641578
22960 -0.00658524
22976 -0.00675291
22992 -0.00691885
23008 -0.00708294
23024 -0.00724536
23040 -0.00740421
23056 -0.00755954
23072 -0.00771129
23088 -0.00785959
23104 -0.00800431
23120 -0.00814551
23136 -0.0082832
23152 -0.00841731
23168 -0.0085479
23184 -0.00867504
23200 -0.00879854
23216 -0.00891858
23232 -0.00903505
23248 -0.00914806
23264 -0.00925392
23280 -0.00935274
23296 -0.00944459
23312 0.312046
23328 -0.00491726
23344 -0.00483966
23360 -0.00475848
23376 -0.00467372
23392 -0.0045855
23408 -0.00449371
23424 -0.00439841
23440 -0.00429952
23456 -0.00419718
23472 -0.00409132
23488 -0.00398183
23504 -0.00386894
23520 -0.00375414
23536 -0.00363767
23552 -0.00351942
23568 -0.00339943
23584 -0.0032776
23600 -0.0031541
23616 -0.00302875
23632 -0.00290167
23648 -0.00277281
23664 -0.002644
23680 -0.00251514
23696 -0.00238627
23712 -0.00225747
23728 -0.00212854
23744 -0.0019998
23760 -0.00187087
23776 -0.00174385
23792 -0.0016185
23808 -0.00149494
23824 -0.00137317
23840 -0.00125319
23856 -0.00113487
23872 -0.0010184
23888 -0.000903726
23904 -0.000790715
23920 -0.000679493
23936 -0.000570118
23952 -0.000462413
23968 -0.000356555
23984 -0.000252366
24000 -0.000150025
24016 -4.94719e-05
24032 4.76837e-05
24048 0.000141203
24064 0.000231206
24080 0.140382
24096 -0.000335336
24112 -0.000301838
24128 -0.000270009
24144 -0.000240028
24160 -0.000211835
24176 -0.000185311
24192 -0.000160635
24208 -0.000137627
24224 -0.000116527
24240 -9.70364e-05
24256 -7.9453e-05
24272 -6.35386e-05
24288 -4.94123e-05
24304 -3.70741e-05
24320 -2.64645e-05
24336 -0.416729
24352 0.00584042
24368 0.00579977
24384 0.00575393
24400 0.00570273
24416 0.00564629
24432 0.00558621
24448 0.00552273
24464 0.00545561
24480 0.00538504
24496 0.00531089
24512 0.00523329
24528 0.00515205
24544 0.00506908
24560 0.00498438
24576 0.00489789
24592 0.00480968
24608 0.00471961
24624 0.00462782
24640 0.0045343
24656 0.004439
24672 0.00434196
24688 0.00424129
24704 0.00413716
24720 0.00402951
24736 0.00391835
24752 0.00380355
24768 0.00368536
24784 0.00356352
24800 0.00344002
24816 0.00331467
24832 0.00318938
24848 0.00306404
24864 0.00293875
24880 0.0028134
24896 0.00268811
24912 0.00256282
24928 0.00243747
24944 0.00231212
24960 0.00218689
24976 0.00206149
24992 0.00193626
25008 0.00181085
25024 0.00168562
25040 0.00156027
25056 0.00143492
25072 0.00130963
25088 0.00118434
25104 0.001059
25120 0.000933707
25136 0.000808358
25152 0.000683069
25168 0.000557721
25184 0.000432432
25200 0.000310659
25216 0.000192344
25232 7.76649e-05
25248 -3.34978e-05
25264 -0.000141203
25280 -0.000245333
25296 -0.000345945
25312 -0.000443041
25328 -0.000536561
25344 -0.000626564
25360 -0.00071305
25376 -0.00079602
25392 -0.000875473
25408 -0.00095135
25424 -0.00102371
25440 -0.00109249
25456 -0.00115788
25472 -0.00121963
25488 -0.00127786
25504 -0.00133258
25520 -0.00138372
25536 -0.00143147
25552 -0.00147551
25568 -0.00151968
25584 -0.00156379
25600 -0.00160795
25616 0.25331
25632 0
25648 0
25664 0
25680 0
25696 0
25712 0
25728 0
25744 0
25760 0
25776 0
25792 0
25808 0
25824 0
25840 0
25856 0
25872 0
25888 0
25904 0
25920 0
25936 0
25952 0
25968 0
25984 0
26000 0
26016 0
26032 0
26048 0
26064 0
26080 0
26096 0
26112 0
26128 -0.260063
26144 0.00155324
26160 0.00155318
26176 0.00155324
26192 0.00155318
26208 0.00155324
26224 0.00155145
26240 0.00154787
26256 0.00154263
26272 0.00153553
26288 0.00152677
26304 0.0015161
26320 0.00150383
26336 0.00148785
26352 0.00146854
26368 0.00144553
26384 0.00141907
26400 0.00138903
26416 0.00135553
26432 0.00131845
26448 0.00127786
26464 0.00123376
26480 0.00118607
26496 0.00113493
26512 0.00108016
26528 0.00102192
26544 0.000960171
26560 0.000894904
26576 0.000826001
26592 0.000757158
26608 0.000688374
26624 0.000619531
26640 0.000550687
26656 0.000481844
26672 0.000413001
26688 0.000344157
26704 0.000275373
26720 0.00020647
26736 0.000137687
26752 6.88434e-05
26768 0
26784 -6.88434e-05
26800 -0.000137687
26816 -0.00020647
26832 -0.000275373
26848 -0.000345945
26864 -0.000418305
26880 -0.000492394
26896 -0.00056833
26912 -0.000645995
26928 -0.000725448
26944 -0.00080663
26960 -0.00088954
26976 -0.000974298
26992 -0.001059
27008 -0.00114369
27024 -0.00122845
27040 -0.00131315
27056 -0.00139791
27072 -0.00148261
27088 -0.0015673
27104 -0.00165206
27120 -0.00173676
27136 -0.00182152
27152 0.238488
27168 0
27184 0
27200 0
27216 0
27232 0
27248 0
27264 0
27280 0
27296 0
27312 0
27328 0
27344 0
27360 0
27376 0
27392 0
27408 -0.273671
27424 -0.00215155
27440 -0.0021745
27456 -0.00219393
27472 -0.00220799
27488 -0.00221688
27504 -0.00222039
27520 -0.0022186
27536 -0.00221157
27552 -0.00219917
27568 -0.00218153
27584 -0.00215864
27600 -0.00213033
27616 -0.00209862
27632 -0.00206327
27648 -0.00202447
27664 -0.00198209
27680 -0.0019362
27696 -0.00188679
27712 -0.00183386
27728 -0.00177914
27744 -0.00172263
27760 -0.00166798
27776 -0.00161493
27792 -0.00156385
27808 -0.00151438
27824 -0.00146669
27840 -0.00142086
27856 -0.00137669
27872 -0.00133258
27888 -0.00128847
27904 -0.00124431
27920 0.331754
27936 0
27952 0
27968 0
27984 0
28000 0
28016 0
28032 0
28048 0
28064 0
28080 0
28096 0
28112 0
28128 0
28144 0
28160 0
28176 -0.331754
28192 0.00124431
28208 0.00128847
28224 0.00133258
28240 0.00137669
28256 0.00142086
28272 0.00146669
28288 0.00151438
28304 0.00156385
28320 0.00161493
28336 0.00166798
28352 0.00172263
28368 0.00177914
28384 0.00183558
28400 0.00189209
28416 0.00194681
28432 0.00199974
28448 0.00205094
28464 0.00210035
28480 0.00214803
28496 0.00219393
28512 0.00223804
28528 0.00227863
28544 0.00231564
28560 0.00234926
28576 0.00237924
28592 0.0024057
28608 0.00242865
28624 0.00244802
28640 0.00246221
28656 0.00247103
28672 0.00247627
28688 0.271342
28704 0
28720 0
28736 0
28752 0
28768 0
28784 0
28800 0
28816 0
28832 0
28848 0
28864 0
28880 0
28896 0
28912 0
28928 0
28944 -0.226316
28960 0.00265455
28976 0.00259811
28992 0.0025416
29008 0.00248516
29024 0.00242865
29040 0.00237215
29056 0.0023157
29072 0.00225919
29088 0.00220275
29104 0.00214624
29120 0.00208974
29136 0.00203329
29152 0.00197679
29168 0.00192034
29184 0.00186384
29200 0.00180739
29216 0.00175089
29232 0.00169438
29248 0.00163794
29264 0.00158149
29280 0.00152493
29296 0.00146675
29312 0.00140667
29328 0.00134498
29344 0.00128138
29360 0.00121611
29376 0.001149
29392 0.00108016
29408 0.00100958
29424 0.000937223
29440 0.000863135
29456 0.000787139
29472 0.000709534
29488 0.00063014
29504 0.000548899
29520 0.000465989
29536 0.000381231
29552 0.000298262
29568 0.00021714
29584 0.000137627
29600 6.00219e-05
29616 -1.58548e-05
29632 -9.00626e-05
29648 -0.000162363
29664 -0.000232995
29680 -0.000301778
29696 -0.000368893
29712 -0.00043422
29728 -0.000497699
29744 -0.000559509
29760 -0.000619531
29776 -0.000677764
29792 -0.00073427
29808 -0.000790715
29824 -0.000847161
29840 -0.000903726
29856 -0.000960171
29872 -0.00101662
29888 -0.00107312
29904 -0.00112963
29920 -0.00118786
29936 -0.00124782
29952 -0.00130963
29968 -0.00137317
29984 -0.0014385
30000 -0.00150555
30016 -0.0015744
30032 -0.00164497
30048 -0.00171733
30064 -0.00179148
30080 -0.00186741
30096 -0.00194502
30112 -0.00202447
30128 -0.00210565
30144 -0.00218862
30160 -0.00227332
30176 -0.00235802
30192 -0.00244278
30208 -0.00252753
30224 0.21238
30240 0
30256 0
30272 0
30288 0
30304 0
30320 0
30336 0
30352 0
30368 0
30384 0
30400 0
30416 0
30432 0
30448 0
30464 0
30480 -0.262284
30496 -0.00326532
30512 -0.00332701
30528 -0.00338703
30544 -0.00344354
30560 -0.00349647
30576 -0.00354767
30592 -0.00359708
30608 -0.00364476
30624 -0.0036906
30640 -0.00373477
30656 -0.00377715
30672 -0.00381768
30688 -0.00385654
30704 -0.00389361
30720 -0.0039289
30736 -0.00396246
30752 -0.00399417
30768 -0.00402427
30784 -0.00405246
30800 -0.00407892
30816 -0.0041036
30832 -0.0041284
30848 -0.00415301
30864 -0.00417781
30880 -0.00420249
30896 -0.00422716
30912 -0.0042519
30928 -0.00427663
30944 -0.00430131
30960 -0.00432605
30976 -0.00435072
30992 0.249293
31008 0.00102019
31024 0.00105369
31040 0.00108546
31056 0.0011155
31072 0.00114375
31088 0.00116843
31104 0.00118959
31120 0.00120729
31136 0.00122136
31152 0.00123197
31168 0.00123906
31184 0.00124258
31200 0.00124252
31216 0.00123906
31232 0.00123197
31248 0.00122142
31264 0.00120723
31280 0.00118959
31296 0.00116849
31312 0.00114369
31328 0.0011155
31344 0.00108725
31360 0.001059
31376 0.00103074
31392 0.00100255
31408 0.000974298
31424 0.000946045
31440 0.000917792
31456 0.000887811
31472 0.000855982
31488 0.000822484
31504 0.000787199
31520 0.000750124
31536 0.000711322
31552 0.000670731
31568 0.000628293
31584 0.000584245
31600 0.000538349
31616 0.000490665
31632 0.000441253
31648 0.000390053
31664 0.000337124
31680 0.000282407
31696 0.000225902
31712 0.000167668
31728 0.000107646
31744 4.58956e-05
31760 -0.260533
31776 0.00435603
31792 0.00418663
31808 0.00401187
31824 0.0038318
31840 0.00364649
31856 0.00345767
31872 0.00326526
31888 0.00306934
31904 0.0028699
31920 0.00266695
31936 0.00246042
31952 0.00225037
31968 0.0020386
31984 0.00182498
32000 0.00160968
32016 0.0013926
32032 0.00117373
32048 0.000953138
32064 0.000730693
32080 0.00050658
32096 0.000280619
32112 5.12004e-05
32128 -0.000181794
32144 -0.000418305
32160 -0.000658393
32176 -0.000901878
32192 -0.00114906
32208 -0.00139964
32224 -0.00164855
32240 -0.00189561
32256 -0.00213915
32272 -0.00237924
32288 -0.00261575
32304 -0.00284874
32320 -0.00307816
32336 -0.00330234
32352 -0.00352114
32368 -0.00373477
32384 -0.00394303
32400 -0.00414604
32416 -0.00434363
32432 -0.00453609
32448 -0.00472313
32464 -0.00490499
32480 -0.00508147
32496 -0.00525266
32512 -0.00541854
32528 -0.00557917
32544 -0.0057345
32560 -0.00588459
32576 -0.00602925
32592 -0.00616866
32608 -0.00630289
32624 -0.00642991
32640 -0.00654989
32656 -0.00666291
32672 -0.00676882
32688 -0.00686765
32704 -0.00695944
32720 -0.00704414
32736 -0.00712353
32752 -0.00719774
32768 -0.00726652
32784 0.286612
32800 -0.00147027
32816 -0.00140321
32832 -0.00133431
32848 -0.00126374
32864 -0.00119138
32880 -0.00111729
32896 -0.00104135
32912 -0.000963688
32928 -0.000884235
32944 -0.000803113
32960 -0.000720143
32976 -0.000635386
32992 -0.000550687
33008 -0.00046593
33024 -0.000381231
33040 0.208892
33056 0
33072 0
33088 0
33104 0
33120 0
33136 0
33152 0
33168 0
33184 0
33200 0
33216 0
33232 0
33248 5.24521e-06
33264 1.59144e-05
33280 3.17693e-05
33296 5.29289e-05
33312 7.9453e-05
33328 0.000111163
33344 0.000148296
33360 0.000190616
33376 0.00023824
33392 0.000291228
33408 0.000349522
33424 0.000413001
33440 0.000481844
33456 0.000555992
33472 0.000635386
33488 0.000720084
33504 0.000804901
33520 0.00088954
33536 0.000974298
33552 -0.215882
33568 0.000381231
33584 0.00046593
33600 0.000550687
33616 0.000635386
33632 0.000720143
33648 0.000803113
33664 0.000884235
33680 0.000963688
33696 0.00104135
33712 0.00111729
33728 0.00119138
33744 0.00126374
33760 0.0013361
33776 0.00140846
33792 0.00148088
33808 -0.271705
33824 0.00853384
33840 0.0085426
33856 0.00854969
33872 0.008555
33888 0.00855851
33904 0.00855857
33920 0.008555
33936 0.0085479
33952 0.00853735
33968 0.00852323
33984 0.00850552
34000 0.00848442
34016 0.00845969
34032 0.00843143
34048 0.00839967
34064 0.00836438
34080 0.0197027
34096 0.0191556
34112 0.0186067
34128 0.018056
34144 0.0175036
34160 0.0169494
34176 0.0163934
34192 0.0158356
34208 0.0152761
34224 0.0147149
34240 0.0141518
34256 0.0135871
34272 0.0130187
34288 0.0124468
34304 0.0118732
34320 0.0086574
34336 0.0134458
34352 0.0129516
34368 0.0124557
34384 0.0119579
34400 0.0114585
34416 0.0109624
34432 0.01047
34448 0.0099811
34464 0.00949576
34480 0.00901389
34496 0.00853556
34512 0.00806078
34528 0.00759131
34544 0.00712708
34560 0.00666821
34576 0.00357413
34592 0.00849146
34608 0.00813314
34624 0.00778016
34640 0.00743243
34656 0.00709003
34672 0.0067547
34688 0.00642639
34704 0.00610515
34720 0.00579098
34736 0.00548387
34752 0.00518385
34768 0.00489083
34784 0.00460136
34800 0.00431547
34816 0.00403303
34832 0.00111371
34848 0.00620401
34864 0.00601691
34880 0.00583336
34896 0.00565329
34912 0.00547683
34928 0.00530383
34944 0.0051344
34960 0.00496849
34976 0.00480613
34992 0.00464725
35008 0.0044902
35024 0.00432426
35040 0.00414953
35056 0.00396597
35072 0.00377357
35088 0.000931948
35104 -0.000328302
35120 -0.000220627
35136 -0.000111192
35152 0
35168 0.000112951
35184 0.00022769
35200 0.000344187
35216 0.000462413
35232 0.000582457
35248 0.000704259
35264 0.00082776
35280 0.000953108
35296 0.00108019
35312 0.0100711
35328 0.0100464
35344 0.0175389
35360 0.00967401
35376 0.0094322
35392 0.00918156
35408 0.00892211
35424 0.00865383
35440 0.00837496
35456 0.00808549
35472 0.00778545
35488 0.00747479
35504 0.00716063
35520 0.00684999
35536 0.00654289
35552 0.0062393
35568 0.00593925
35584 0.00564273
35600 0.00534974
35616 0.00506027
35632 -0.00539915
35648 -0.00568862
35664 -0.00598162
35680 -0.00627813
35696 -0.00657818
35712 -0.00688176
35728 -0.00718887
35744 -0.00749776
35760 -0.00779779
35776 -0.00808726
35792 -0.00836614
35808 -0.00863442
35824 -0.0088921
35840 -0.00913921
35856 -0.0166617
35872 -0.00949045
35888 -0.00949398
35904 -0.00950104
35920 -0.00951162
35936 -0.00952575
35952 -0.000607163
35968 -0.000465959
35984 -0.000324756
36000 -0.000183553
36016 -4.23491e-05
36032 9.88245e-05
36048 0.000240058
36064 0.00038299
36080 0.00052774
36096 0.000674218
36112 -0.000543594
36128 -0.00333941
36144 -0.00348234
36160 -0.003613
36176 -0.00373122
36192 -0.00383711
36208 -0.00393069
36224 -0.00402245
36240 -0.00411421
36256 -0.00420603
36272 -0.00429779
36288 -0.00438955
36304 -0.00448138
36320 -0.00457311
36336 -0.00466493
36352 -0.00475669
36368 0.000432432
36384 -0.00238454
36400 -0.002561
36416 -0.00273755
36432 -0.00291401
36448 -0.00309053
36464 -0.00327057
36480 -0.00345412
36496 -0.00364119
36512 -0.00383183
36528 -0.004026
36544 -0.00422364
36560 -0.00442487
36576 -0.00462961
36592 -0.00484142
36608 -0.00508147
36624 -4.58658e-05
36640 -0.00304112
36656 -0.00341529
36672 -0.00380889
36688 -0.00422189
36704 -0.00465435
36720 -0.00510085
36736 -0.00554037
36752 -0.00596926
36768 -0.00638756
36784 -0.00679529
36800 -0.0071924
36816 -0.00757894
36832 -0.00795487
36848 -0.00832024
36864 -0.00867501
36880 -0.00290522
36896 -0.00587922
36912 -0.00620225
36928 -0.00651464
36944 -0.00681645
36960 -0.00710768
36976 -0.00739008
36992 -0.00766367
37008 -0.00792843
37024 -0.00818431
37040 -0.00843143
37056 -0.00866973
37072 -0.00889915
37088 -0.00911981
37104 -0.00933158
37120 -0.00953454
37136 -0.000370681
37152 -0.000335336
37168 -0.000301838
37184 -0.000270009
37200 -0.000240088
37216 -0.000211775
37232 -0.000185311
37248 -0.000160635
37264 -0.000137687
37280 -0.000116467
37296 -9.7096e-05
37312 -7.93934e-05
37328 -6.35386e-05
37344 -4.94123e-05
37360 -3.70741e-05
37376 -2.65241e-05
37392 -1.7643e-05
37408 -1.055e-05
37424 -5.30481e-06
37440 -1.78814e-06
37456 0
37472 0
37488 0
37504 0
37520 0
37536 0
37552 0
37568 0
37584 0
37600 1.78814e-06
37616 5.30481e-06
37632 1.055e-05
37648 1.7643e-05
37664 0.00915337
37680 0.0089221
37696 0.00868207
37712 0.00843322
37728 0.00817549
37744 0.007909
37760 0.00763363
37776 0.00734949
37792 0.00705653
37808 0.00675464
37824 0.0064441
37840 0.00612456
37856 0.00579625
37872 0.00545919
37888 0.00511321
37904 0.00211802
37920 0.00786841
37936 0.00749597
37952 0.00711474
37968 0.00672469
37984 0.00632578
38000 0.00591806
38016 0.00550154
38032 0.00507617
38048 0.00464195
38064 0.00419897
38080 0.00375062
38096 0.00331822
38112 0.00290343
38128 0.00250632
38144 0.00212684
38160 -0.000875443
38176 0.00415128
38192 0.00390068
38208 0.0036765
38224 0.00345764
38240 0.00324056
38256 0.00302523
38272 0.00281164
38288 0.00259987
38304 0.00238982
38320 0.00218156
38336 0.00197503
38352 0.00177032
38368 0.00156909
38384 0.00137141
38400 0.00117725
38416 -0.00165382
38432 0.00352472
38448 0.00342587
38464 0.00333059
38480 0.00323877
38496 0.00315055
38512 0.00306582
38528 0.00298461
38544 0.00290698
38560 0.00283283
38576 0.00276223
38592 0.00269341
38608 0.00261572
38624 0.00252575
38640 0.00242335
38656 0.00230864
38672 -0.000458896
38688 -0.00164852
38704 -0.00147378
38720 -0.00130081
38736 -0.00112963
38752 -0.000960141
38768 -0.000790745
38784 -0.000621259
38800 -0.000451863
38816 -0.000282377
38832 -0.000112981
38848 5.64754e-05
38864 0.000225931
38880 0.000397116
38896 0.000570118
38912 0.00074482
38928 0.000921339
38944 0.00109959
38960 0.00127965
38976 0.00146142
38992 0.001645
39008 0.00183031
39024 0.00201562
39040 0.00220096
39056 0.0023863
39072 0.00257161
39088 0.00275695
39104 0.00294226
39120 0.00312757
39136 0.00331116
39152 0.00922569
39168 0.0113578
39184 0.018965
39200 0.0106624
39216 0.0102529
39232 0.00985757
39248 0.00947633
39264 0.0091092
39280 0.00875619
39296 0.00841556
39312 0.00807667
39328 0.00773779
39344 0.00739892
39360 0.00706002
39376 0.00672115
39392 -0.0042925
39408 -0.00451842
39424 -0.0047514
39440 -0.00499851
39456 -0.00525971
39472 -0.00553507
39488 -0.00582452
39504 -0.0061281
39520 -0.00644581
39536 -0.00677763
39552 -0.00711651
39568 -0.00745538
39584 -0.00779428
39600 -0.00813316
39616 -0.00847203
39632 -0.00881092
39648 -0.00914979
39664 -0.00948867
39680 -0.00983463
39696 -0.0192845
39712 -0.00164852
39728 -0.00147378
39744 -0.00130081
39760 -0.0011296
39776 -0.000960171
39792 -0.000790715
39808 -0.000621289
39824 -0.000451833
39840 -0.000282407
39856 -0.000112951
39872 5.64754e-05
39888 0.000225902
39904 0.000397146
39920 0.000570089
39936 0.00074482
39952 -0.00044477
39968 -0.0032123
39984 -0.00332704
40000 -0.00342941
40016 -0.00351942
40032 -0.00359708
40048 -0.00366592
40064 -0.00373653
40080 -0.00381064
40096 -0.00388831
40112 -0.00396952
40128 -0.00405422
40144 -0.00414246
40160 -0.00423425
40176 -0.00432956
40192 -0.00442839
40208 0.000750124
40224 -0.00208095
40240 -0.00227511
40256 -0.00247276
40272 -0.00267398
40288 -0.00287873
40304 -0.00308701
40320 -0.00330937
40336 -0.00354767
40352 -0.00380182
40368 -0.00407189
40384 -0.00435778
40400 -0.00465962
40416 -0.00497732
40432 -0.00531092
40448 0.00193799
40464 -0.00306934
40480 0.00190797
40496 0.00192562
40512 0.0019415
40528 0.00195563
40544 0.001968
40560 0.00197858
40576 0.0019874
40592 0.00199446
40608 0.00199974
40624 0.00200328
40640 0.00200504
40656 0.00200507
40672 0.0020068
40688 0.00201035
40704 0.00201565
40720 0.00421131
40736 0.00197503
40752 0.00192916
40768 0.00188503
40784 0.00184265
40800 0.00180209
40816 0.00176147
40832 0.00172088
40848 0.00168031
40864 0.00163966
40880 0.0015991
40896 0.00155851
40912 0.00151789
40928 0.00147733
40944 0.00143671
40960 0.00139612
40976 0.00135553
40992 0.00131491
41008 0.00127435
41024 0.00123373
41040 0.00119317
41056 0.00115255
41072 0.00111195
41088 0.00107136
41104 0.00103074
41120 0.000990182
41136 0.000949562
41152 0.000909001
41168 0.00086838
41184 0.000826031
41200 0.000781894
41216 0.000735998
41232 0.000688344
41248 0.000638932
41264 0.000587761
41280 0.000534803
41296 0.000480086
41312 0.00042358
41328 0.000367135
41344 0.00031063
41360 0.000254154
41376 0.000197679
41392 0.000141203
41408 8.4728e-05
41424 2.82526e-05
41440 -3.00109e-05
41456 -9.00328e-05
41472 -0.000151783
41488 -0.000215322
41504 -0.000280648
41520 -0.000347704
41536 -0.000416547
41552 -0.000487119
41568 -0.000559509
41584 -0.000633657
41600 -0.000709534
41616 -0.000787169
41632 -0.000866622
41648 -0.000947803
41664 -0.00103077
41680 -0.0011155
41696 -0.00120196
41712 -0.00129023
41728 -0.00138023
41744 -0.00630108
41760 -0.00145259
41776 -0.00143495
41792 -0.00141907
41808 -0.00140494
41824 -0.00139257
41840 -0.00137848
41856 -0.00136259
41872 -0.00134495
41888 -0.00132552
41904 -0.00130433
41920 -0.00128141
41936 -0.00125667
41952 -0.00123021
41968 -0.00120196
41984 -0.00117198
42000 -0.00114018
42016 -0.00110668
42032 -0.00107136
42048 -0.00103429
42064 -0.000995457
42080 -0.000954866
42096 -0.000916034
42112 -0.00087899
42128 -0.000843674
42144 -0.000810117
42160 -0.000778377
42176 -0.000748366
42192 -0.000720114
42208 -0.000691891
42224 -0.000663638
42240 -0.000635415
42256 -0.000164151
42272 -0.00544503
42288 -0.00589865
42304 -0.00635403
42320 -0.00681114
42336 -0.00727007
42352 -0.00773075
42368 -0.00819314
42384 -0.00865737
42400 -0.00912333
42416 -0.00959104
42432 -0.0100605
42448 -0.0105318
42464 -0.0110031
42480 -0.0114743
42496 -0.0119455
42512 -0.0124168
42528 -0.0128881
42544 -0.0133593
42560 -0.0138306
42576 -0.0143019
42592 -0.0147731
42608 -0.0152444
42624 -0.0157157
42640 -0.0161868
42656 -0.0166582
42672 -0.0171294
42688 -0.0176007
42704 -0.0180719
42720 -0.0185432
42736 -0.0190144
42752 -0.0194857
42768 -0.00591278
42784 -0.00590396
42800 -0.00589335
42816 -0.00588101
42832 -0.00586689
42848 -0.00585097
42864 -0.00583512
42880 -0.00581926
42896 -0.00580335
42912 -0.00578743
42928 -0.00577158
42944 -0.00575572
42960 -0.00573975
42976 -0.00572395
42992 -0.00570804
43008 -0.00569212
43024 0.339944
43040 -0.00142616
43056 -0.0013414
43072 -0.0012567
43088 -0.00117195
43104 -0.00108725
43120 -0.00100607
43136 -0.000928342
43152 -0.000854313
43168 -0.000783622
43184 -0.000716627
43200 -0.000653028
43216 -0.000593066
43232 -0.000536561
43248 -0.000483572
43264 -0.00043422
43280 -0.000388324
43296 -0.000345886
43312 -0.000307143
43328 -0.000271797
43344 -0.000240028
43360 -0.000211835
43376 -0.000185311
43392 -0.000160635
43408 -0.000137627
43424 -0.000116527
43440 -9.70364e-05
43456 -7.9453e-05
43472 -6.35386e-05
43488 -4.94123e-05
43504 -3.70741e-05
43520 -2.64645e-05
43536 -1.7643e-05
43552 -1.06096e-05
43568 -5.30481e-06
43584 -1.72853e-06
43600 0
43616 0
43632 0
43648 0
43664 0
43680 0
43696 0
43712 0
43728 0
43744 0
43760 0
43776 0
43792 0
43808 0
43824 0
43840 0
43856 0
43872 0
43888 0
43904 0
43920 0
43936 0
43952 0
43968 0
43984 0
44000 0
44016 0
44032 0
44048 -0.326636
44064 0.00528443
44080 0.00526148
44096 0.00523674
44112 0.00521028
44128 0.00518209
44144 0.00515205
44160 0.00512028
44176 0.00508678
44192 0.00505143
44208 0.00501442
44224 0.0049755
44240 0.00493497
44256 0.00489265
44272 0.00484842
44288 0.00480258
44304 0.00475496
44320 0.00470549
44336 0.00465435
44352 0.00460136
44368 0.00454664
44384 0.0044902
44400 0.0044319
44416 0.00437194
44432 0.00431013
44448 0.00424665
44464 0.00418127
44480 0.00411427
44496 0.00404537
44512 0.0039748
44528 0.00390244
44544 0.00382829
44560 0.00375241
44576 0.00367475
44592 0.00359535
44608 0.00351411
44624 0.00343114
44640 0.0033465
44656 0.00326169
44672 0.00317705
44688 0.00309229
44704 0.00300759
44720 0.00292283
44736 0.00283813
44752 0.00275338
44768 0.00267047
44784 0.00258929
44800 0.00250983
44816 0.00243217
44832 0.00235629
44848 0.00228214
44864 0.00220978
44880 0.00213921
44896 0.00207037
44912 0.00200504
44928 0.00194329
44944 0.001885
44960 0.00183034
44976 0.00177908
44992 0.00173151
45008 0.00168735
45024 0.00164318
45040 0.00159913
45056 0.00155497
45072 0.00151086
45088 0.00146669
45104 0.00142258
45120 0.00137848
45136 0.00133437
45152 0.0012902
45168 0.00124609
45184 0.00120199
45200 0.00115782
45216 0.00111371
45232 0.00106961
45248 0.0010255
45264 0.000981331
45280 0.000938952
45296 0.000898421
45312 0.000859559
45328 0.000822484
45344 0.014353
45360 0.0138429
45376 0.0133364
45392 0.0128334
45408 0.0123339
45424 0.0118379
45440 0.0113454
45456 0.0108566
45472 0.0103712
45488 0.00988933
45504 0.00941101
45520 0.00893626
45536 0.00846496
45552 0.00799724
45568 0.00753304
45584 0.00707239
45600 0.00661525
45616 0.00616163
45632 0.00571156
45648 0.00526503
45664 0.00482199
45680 0.00438076
45696 0.00394127
45712 0.00350353
45728 0.00306758
45744 0.00263339
45760 0.00220096
45776 0.00177029
45792 0.0013414
45808 0.000914276
45824 0.000488907
45840 -0.00476375
45856 -0.00426424
45872 -0.00420779
45888 -0.00415128
45904 -0.00409484
45920 -0.00403833
45936 -0.00398186
45952 -0.00392535
45968 -0.00386891
45984 -0.0038124
46000 -0.00375596
46016 -0.00369945
46032 -0.00364298
46048 -0.00358647
46064 -0.00353003
46080 -0.00347352
46096 -0.00341707
46112 -0.00336057
46128 -0.00330409
46144 -0.00324762
46160 -0.00319111
46176 -0.00313467
46192 -0.00307816
46208 -0.00302169
46224 -0.00296521
46240 -0.00290874
46256 -0.00285226
46272 -0.00279576
46288 -0.00273931
46304 -0.00268281
46320 -0.00262633
46336 -0.00256985
46352 0.000127077
46368 -0.00251335
46384 -0.00251338
46400 -0.00251338
46416 -0.00251335
46432 -0.00251338
46448 -0.00251338
46464 -0.00251335
46480 -0.00251341
46496 -0.00251335
46512 -0.00251335
46528 -0.00251341
46544 -0.00251335
46560 -0.00251335
46576 -0.00251341
46592 -0.00251335
46608 0.00391656
46624 -0.00255042
46640 0.00624102
46656 0.00596398
46672 0.00568861
46688 0.00541505
46704 0.00514323
46720 0.00487319
46736 0.00460491
46752 0.00433838
46768 0.00407362
46784 0.00380889
46800 0.00353354
46816 0.00324586
46832 0.00294581
46848 0.00263339
46864 -0.000331849
46880 0.0046967
46896 0.00443193
46912 0.00415483
46928 0.00386536
46944 0.00356355
46960 0.00324938
46976 0.00292283
46992 0.00258398
47008 0.00223273
47024 0.00186914
47040 0.00149497
47056 0.00112078
47072 0.000750124
47088 0.000383019
47104 1.94013e-05
47120 -0.0029811
47136 0.00202799
47152 0.00175971
47168 0.00149673
47184 0.00124964
47200 0.00102016
47216 0.000808358
47232 0.000614226
47248 0.000437737
47264 0.00027886
47280 0.000137687
47296 1.05798e-05
47312 -0.00012356
47328 -0.000268281
47344 -0.00042358
47360 -0.00058952
47376 -0.00340647
47392 0.00177208
47408 0.0016591
47424 0.00153732
47440 0.00141731
47456 0.00130081
47472 0.00118783
47488 0.00107843
47504 0.000972509
47520 0.000870168
47536 0.000771284
47552 0.000674248
47568 0.00056833
47584 0.000451833
47600 0.000324756
47616 0.000187099
47632 -0.00260162
47648 0.00260517
47664 0.00252041
47680 0.00242689
47696 0.00233862
47712 0.00225747
47728 0.00218332
47744 0.00211623
47760 0.00205624
47776 0.00200328
47792 0.00195739
47808 0.0019168
47824 0.0018709
47840 0.00181797
47856 0.00175795
47872 0.00169086
47888 -0.000863075
47904 0.00421306
47920 0.00416189
47936 0.00410539
47952 0.00405246
47968 0.00400481
47984 0.00396243
48000 0.00392538
48016 0.00389361
48032 0.00386712
48048 0.00384596
48064 0.00382829
48080 0.00380358
48096 0.00377008
48112 0.00372767
48128 0.00367475
48144 0.00157791
48160 -0.000210017
48176 -2.47359e-05
48192 0.000160635
48208 0.000344157
48224 0.000525981
48240 0.000707775
48256 0.00088957
48272 0.00107136
48288 0.00125313
48304 0.00143495
48320 0.00161675
48336 0.00179857
48352 0.00198033
48368 0.00216213
48384 0.00234568
48400 0.00253102
48416 0.00271812
48432 0.00290695
48448 0.00309759
48464 0.00328997
48480 0.00348413
48496 0.00367829
48512 0.00387242
48528 0.00406656
48544 0.00426075
48560 0.00445485
48576 0.00464904
48592 0.00484318
48608 0.00503734
48624 0.00523147
48640 0.00542387
48656 0.0139365
48672 0.00555271
48688 0.00548917
48704 0.00542387
48720 0.00535679
48736 0.00528798
48752 0.00521912
48768 0.00515029
48784 0.00508146
48800 0.00501262
48816 0.00494379
48832 0.00487494
48848 0.00480612
48864 0.00473727
48880 0.00466844
48896 0.00459962
48912 0.00453077
48928 0.00446193
48944 0.00439312
48960 0.00432426
48976 0.00425543
48992 0.0041866
49008 0.004116
49024 0.00404363
49040 0.0039695
49056 0.00389361
49072 0.00381595
49088 0.00373652
49104 0.00365003
49120 0.00356002
49136 0.00346471
49152 0.00336587
49168 0.0032635
49184 0.00315759
49200 0.00304817
49216 0.00293521
49232 0.00281872
49248 0.00269869
49264 0.00257691
49280 0.00245336
49296 0.00232804
49312 0.00220096
49328 0.00207212
49344 0.00194151
49360 0.00180914
49376 0.00167499
49392 0.00153909
49408 0.00140142
49424 0.00126198
49440 0.00112078
49456 0.000977814
49472 0.000833083
49488 0.000686586
49504 0.000538327
49520 0.00038654
49536 0.000231214
49552 7.23638e-05
49568 -9.00142e-05
49584 -0.000255924
49600 -0.000425369
49616 -0.000598338
49632 -0.000774838
49648 -0.00095487
49664 -0.00113843
49680 -0.00132552
49696 -0.00151614
49712 -0.00171029
49728 -0.00190797
49744 -0.00210918
49760 -0.00231392
49776 -0.0025222
49792 -0.00274459
49808 -0.00298286
49824 -0.00323702
49840 -0.00350707
49856 -0.00379299
49872 -0.00409482
49888 -0.00441252
49904 -0.00474258
49920 -0.0050638
49936 -0.00537268
49952 -0.00566921
49968 -0.00595336
49984 -0.00622518
50000 -0.00648464
50016 -0.00673174
50032 -0.00696824
50048 -0.00720476
50064 -0.00744304
50080 -0.00768307
50096 -0.00792488
50112 -0.00816844
50128 -0.00841379
50144 -0.0086609
50160 -0.00890975
50176 -0.00916038
50192 -0.00941278
50208 -0.00966695
50224 -0.00992286
50240 -0.0101806
50256 -0.01044
50272 -0.0107012
50288 -0.010966
50304 -0.0112343
50320 -0.000451833
50336 -0.000451863
50352 -0.000451833
50368 -0.000451833
50384 -0.000451833
50400 -0.000451863
50416 -0.000451833
50432 -0.000451833
50448 -0.000451863
50464 -0.000451833
50480 -0.000451833
50496 -0.000451833
50512 -0.000451863
50528 -0.000451833
50544 -0.000451833
50560 -0.000451863
50576 -0.000451833
50592 -0.000451833
50608 -0.000451863
50624 -0.000451833
50640 -0.000451833
50656 -0.000451833
50672 -0.000451863
50688 -0.000451833
50704 -0.00286636
50720 -0.000395387
50736 -0.000338882
50752 -0.000282377
50768 -0.000225931
50784 -0.000169426
50800 -0.000112981
50816 -5.64754e-05
50832 0
50848 0
50864 0
50880 0
50896 0
50912 0
50928 0
50944 0
50960 0
50976 0
50992 0
51008 0
51024 0
51040 0
51056 0
51072 0
51088 0
51104 0
51120 0
51136 0
51152 0
51168 0
51184 0
51200 0
51216 0
51232 0
51248 0
51264 0
51280 0
51296 0
51312 0
51328 0
51344 0
51360 0
51376 0
51392 0
51408 0
51424 0
51440 0
51456 0
51472 0
51488 0
51504 0
51520 0
51536 0
51552 0
51568 0
51584 0
51600 0
51616 0
51632 0
51648 0
51664 0
51680 0
51696 0
51712 0
51728 0
51744 0
51760 0
51776 0
51792 0
51808 0
51824 0
51840 0
51856 0
51872 0
51888 0
51904 0
51920 0
51936 0
51952 0
51968 0
51984 0
52000 0
52016 0
52032 0
52048 0
52064 0
52080 0
52096 0
52112 0
52128 0
52144 0
52160 0
52176 0
52192 0
52208 0
52224 0
52240 0
52256 0
52272 0
52288 0
52304 0
52320 0
52336 0
52352 0
52368 0
52384 0
52400 0
52416 0
52432 0
52448 0
52464 0
52480 0
52496 0
52512 0
52528 0
52544 0
52560 0
52576 0
52592 0
52608 0
52624 0
52640 0
52656 0
52672 0
52688 0
52704 0
52720 0
52736 0
52752 0
52768 0
52784 0
52800 0
52816 0
52832 0
52848 0
52864 0
52880 0
52896 0
52912 0
52928 0
52944 0
52960 0
52976 0
52992 0
53008 0
53024 0
53040 0
53056 0
53072 0
53088 0
53104 0
53120 0
53136 0
53152 0
53168 0
53184 0
53200 0
53216 0
53232 0
53248 0
53264 0
53280 0
53296 0
53312 0
53328 0
53344 0
53360 0
53376 0
53392 0
53408 0
53424 0
53440 0
53456 0
53472 0
53488 0
53504 0
53520 0
53536 0
53552 0
53568 0
53584 0
53600 0
53616 0
53632 0
53648 0
53664 0
53680 0
53696 0
53712 0
53728 0
53744 0
53760 0
53776 0
53792 0
53808 0
53824 0
53840 0
53856 0
53872 0
53888 0
53904 0
53920 0
53936 0
53952 0
53968 0
53984 0
54000 0
54016 0
54032 0
54048 0
54064 0
54080 0
54096 0
54112 0
54128 0
54144 0
