P W
16 0
32 0
48 0
64 0
80 0
96 0
112 0
128 0
144 0
160 0
176 0
192 0
208 0
224 0
240 0
256 0
272 0
288 0
304 0
320 0
336 0
352 0
368 0
384 0
400 0
416 0
432 0
448 0
464 0
480 0
496 0
512 0
528 0
544 0
560 0
576 0
592 0
608 0
624 0
640 0
656 0
672 0
688 0
704 0
720 0
736 0
752 0
768 0
784 0
800 0
816 0
832 -0.00202021
848 -0.00193727
864 -0.00185606
880 -0.00177661
896 -0.00169897
912 -0.00162306
928 -0.00154895
944 -0.00147656
960 -0.00140598
976 -0.00133714
992 -0.00127006
1008 -0.00120482
1024 -0.00114119
1040 -0.00107944
1056 -0.00101948
1072 -0.000961125
1088 -0.000904739
1104 -0.000849992
1120 -0.000797063
1136 -0.000745863
1152 -0.000696421
1168 -0.000648826
1184 -0.000602871
1200 -0.000558764
1216 -0.000516415
1232 -0.000475854
1248 -0.000436932
1264 -0.000399947
1280 -0.000364631
1296 -0.000331074
1312 -0.000299305
1328 -0.000269324
1344 -0.000241041
1360 -0.000214636
1376 -0.0001899
1392 -0.000166893
1408 -0.000145793
1424 -0.000126302
1440 -0.00010854
1456 -9.24468e-05
1472 -7.80523e-05
1488 -6.51777e-05
1504 -5.38826e-05
1520 -4.3869e-05
1536 -3.52859e-05
1552 -2.79546e-05
1568 -2.18749e-05
1584 -1.66893e-05
1600 -1.25468e-05
1616 -9.20892e-06
1632 -6.61612e-06
1648 -4.52995e-06
1664 -3.01003e-06
1680 -1.93715e-06
1696 -1.16229e-06
1712 -6.25849e-07
1728 -3.27826e-07
1744 -1.49012e-07
1760 -5.96046e-08
1776 0
1792 0
1808 0
1824 0
1840 0
1856 0
1872 0
1888 0
1904 0
1920 0
1936 0
1952 0
1968 0
1984 0
2000 0
2016 0
2032 0
2048 0
2064 0
2080 0
2096 0
2112 0
2128 0
2144 0
2160 0
2176 0
2192 0
2208 0
2224 0
2240 0
2256 0
2272 0
2288 0
2304 0
2320 0
2336 0
2352 0
2368 0
2384 0
2400 0
2416 0
2432 0
2448 0
2464 0
2480 0
2496 0
2512 0
2528 -1.19209e-07
2544 -6.25849e-07
2560 -1.43051e-06
2576 -2.95043e-06
2592 -5.1558e-06
2608 -8.25524e-06
2624 -1.2368e-05
2640 -1.76132e-05
2656 -2.42591e-05
2672 -3.23653e-05
2688 -4.20809e-05
2704 -5.35548e-05
2720 -6.67572e-05
2736 -8.17776e-05
2752 -9.85563e-05
2768 -0.000117064
2784 -0.00013724
2800 -0.000158876
2816 -0.000181735
2832 -0.000205964
2848 -0.000231057
2864 -0.000257105
2880 -0.000283867
2896 -0.000311255
2912 -0.000339031
2928 -0.000367105
2944 -0.000395358
2960 -0.00042361
2976 -0.000451833
2992 -0.000480086
3008 -0.000508308
3024 -0.000536561
3040 -0.000564814
3056 -0.000593066
3072 -0.000621259
3088 -0.000649512
3104 0.0146266
3120 0.0142719
3136 0.0139206
3152 0.0135729
3168 0.0132287
3184 0.0128881
3200 0.0125509
3216 0.0122175
3232 0.0118873
3248 0.0115608
3264 0.0112378
3280 0.0109183
3296 0.0106025
3312 0.0102906
3328 0.00998259
3344 0.00967872
3360 0.00937909
3376 0.00908393
3392 0.00879323
3408 0.00850731
3424 0.00822628
3440 0.00795017
3456 0.00767925
3472 0.00741363
3488 0.00715327
3504 0.00689824
3520 0.0066485
3536 0.00640403
3552 0.00616473
3568 0.00593042
3584 0.00570099
3600 0.00547621
3616 0.00525604
3632 0.00502367
3648 0.00479177
3664 0.00455971
3680 0.00432713
3696 0.00409351
3712 0.00385843
3728 0.00362131
3744 0.00338191
3760 0.00313982
3776 0.0028948
3792 0.00264645
3808 0.0023943
3824 0.0021379
3840 0.00187676
3856 0.00161038
3872 0.00133832
3888 0.00126672
3904 0.00120378
3920 0.00114986
3936 0.00110545
3952 0.00107098
3968 0.00104702
3984 0.00103407
4000 0.00103282
4016 0.00104392
4032 0.00106806
4048 0.00110584
4064 0.00115785
4080 0.00122455
4096 0.00130647
4112 0.000820495
4128 -0.00293575
4144 -0.00294551
4160 -0.00293915
4176 -0.0029168
4192 -0.00287873
4208 -0.00282504
4224 -0.00275591
4240 -0.00267148
4256 -0.00257176
4272 -0.00245674
4288 -0.00232643
4304 -0.0015972
4320 -0.00145495
4336 0.00339764
4352 0.00350001
4368 -0.000346392
4384 0.00433265
4400 0.00438251
4416 0.0044163
4432 0.00443382
4448 0.0044347
4464 0.00441813
4480 0.00438316
4496 0.0043284
4512 0.00425217
4528 0.00415272
4544 0.00402835
4560 0.00342608
4576 0.00328664
4592 0.00313938
4608 0.00298487
4624 0.00282428
4640 0.0026593
4656 0.00249166
4672 0.00232308
4688 0.00215493
4704 0.00198849
4720 0.00182441
4736 0.00166308
4752 -0.00370019
4768 -0.00403102
4784 -0.00437906
4800 -0.00474452
4816 -0.00512764
4832 -0.00552815
4848 -0.00594601
4864 -0.00638103
4880 -0.00683277
4896 -0.00730047
4912 -0.00778313
4928 -0.00827941
4944 -0.00878769
4960 -0.00930613
4976 -0.0098328
4992 -0.0103658
5008 -0.0109032
5024 -0.0114433
5040 -0.0119842
5056 -0.0125242
5072 -0.0130616
5088 -0.0135947
5104 -0.0141215
5120 -0.0146404
5136 -0.0157336
5152 -0.00702783
5168 -0.00711441
5184 -0.00717878
5200 -0.00722069
5216 -0.00723988
5232 -0.00723642
5248 -0.0072099
5264 -0.00716034
5280 -0.0070875
5296 -0.00699136
5312 -0.00687161
5328 -0.00614458
5344 -0.00599635
5360 -0.00584316
5376 -0.00568524
5392 -0.00552261
5408 -0.00535533
5424 -0.0051837
5440 -0.00500774
5456 -0.00482789
5472 -0.00464427
5488 -0.00445738
5504 -0.00426733
5520 -0.00407451
5536 -0.00387907
5552 -0.00368106
5568 -0.00348073
5584 -0.00327823
5600 -0.00307372
5616 -0.0028677
5632 -0.00266033
5648 0.0108349
5664 0.0110631
5680 0.0112846
5696 0.0114995
5712 0.0117078
5728 0.0119094
5744 0.0121044
5760 0.0122928
5776 0.0124746
5792 0.0126499
5808 0.0128186
5824 0.0129811
5840 -0.00014925
5856 -1.77026e-05
5872 0.000115335
5888 0.000249624
5904 -0.0128754
5920 -0.0127049
5936 -0.0125257
5952 -0.0123377
5968 -0.0121409
5984 -0.0119354
6000 -0.0117215
6016 -0.0114993
6032 -0.011269
6048 -0.0110308
6064 -0.010785
6080 -0.0105315
6096 0.00298971
6112 0.00322375
6128 0.00345695
6144 0.00368866
6160 0.0039188
6176 0.00414672
6192 0.00437221
6208 0.00459513
6224 0.00481501
6240 0.00503168
6256 0.00524497
6272 0.00545406
6288 0.00565881
6304 0.00585887
6320 0.0060536
6336 0.00624296
6352 0.00642654
6368 0.00660414
6384 0.00677559
6400 0.00694075
6416 0.00768313
6432 0.0165431
6448 0.0162922
6464 0.016009
6480 0.0156939
6496 0.0153472
6512 0.0149697
6528 0.0145623
6544 0.0141264
6560 0.0136638
6576 0.0131761
6592 0.0126652
6608 0.0116621
6624 0.0111476
6640 0.010634
6656 0.0101231
6672 0.000676468
6688 0.000539273
6704 0.00038299
6720 0.000207394
6736 1.23531e-05
6752 -0.000202104
6768 -0.000435695
6784 -0.000687718
6800 -0.000956863
6816 -0.00124116
6832 -0.00153816
6848 -0.00184476
6864 -0.00215739
6880 -0.00247237
6896 -0.00278613
6912 -0.00278471
6928 -0.00279291
6944 -0.0028085
6960 -0.00282997
6976 -0.00285639
6992 -0.00288737
7008 -0.00292253
7024 -0.00296158
7040 -0.00300455
7056 -0.00305162
7072 -0.00310339
7088 -0.0031607
7104 -0.00322469
7120 -0.00329672
7136 -0.00337826
7152 -0.00347063
7168 -0.00377497
7184 -0.0043782
7200 -0.00467899
7216 -0.00497019
7232 -0.00525233
7248 -0.00552586
7264 -0.00579099
7280 -0.00604802
7296 -0.00629689
7312 -0.00653766
7328 -0.00677034
7344 -0.0069949
7360 -0.00721127
7376 -0.00706163
7392 -0.00726119
7408 -0.00746158
7424 0.00102487
7440 0.00104433
7456 0.00106722
7472 0.00109372
7488 0.00112373
7504 0.00115725
7520 0.0011943
7536 0.0012348
7552 0.00127843
7568 0.00132525
7584 0.00137493
7600 0.00142744
7616 0.00148261
7632 0.00154027
7648 0.00160027
7664 0.00166249
7680 0.00172678
7696 0.0132998
7712 0.0101381
7728 0.00692523
7744 0.00365628
7760 0.000326276
7776 -0.00306982
7792 -0.00653693
7808 -0.0100801
7824 -0.0137042
7840 -0.0174144
7856 -0.0212155
7872 -0.0251126
7888 -0.00528759
7904 -0.00534377
7920 -0.00541362
7936 -0.0054968
7952 -0.00589222
7968 -0.00628757
7984 -0.00668287
8000 -0.00707823
8016 -0.00747365
8032 -0.00786901
8048 -0.00826448
8064 -0.00866032
8080 -0.00905654
8096 -0.00945339
8112 -0.00985092
8128 -0.0102494
8144 -0.0106489
8160 -0.0110497
8176 -0.0114521
8192 -0.0118563
8208 -0.000559926
8224 -0.00051856
8240 -0.00047791
8256 -0.000437975
8272 -0.000398993
8288 -0.000360787
8304 -0.000323743
8320 -0.000288039
8336 -0.000253856
8352 -0.000221133
8368 -0.00018996
8384 -0.000160396
8400 -0.000132561
8416 -0.000106245
8432 -8.18074e-05
8448 -5.9098e-05
8464 -3.8296e-05
8480 -1.94311e-05
8496 -2.5034e-06
8512 1.26362e-05
8528 2.58088e-05
8544 3.74019e-05
8560 4.70579e-05
8576 5.50151e-05
8592 6.11544e-05
8608 6.56247e-05
8624 6.82473e-05
8640 6.91414e-05
8656 6.82473e-05
8672 6.57439e-05
8688 6.17504e-05
8704 5.65052e-05
8720 5.00083e-05
8736 4.24981e-05
8752 3.40939e-05
8768 2.5034e-05
8784 1.53184e-05
8800 5.126e-06
8816 -5.126e-06
8832 -1.53184e-05
8848 -2.5034e-05
8864 -3.40939e-05
8880 -4.24981e-05
8896 -5.00083e-05
8912 -5.65052e-05
8928 -6.17504e-05
8944 -6.57439e-05
8960 -6.82473e-05
8976 -6.91414e-05
8992 0.0134902
9008 0.013177
9024 0.0128548
9040 0.012524
9056 0.0121846
9072 0.0118373
9088 0.0114831
9104 0.011123
9120 0.0107586
9136 0.0103915
9152 0.0100236
9168 0.00965634
9184 0.00929156
9200 0.00893018
9216 0.00857317
9232 0.00822112
9248 0.00787428
9264 0.00753608
9280 0.00720045
9296 0.00686851
9312 0.00654119
9328 0.00621897
9344 0.00590223
9360 0.00559101
9376 0.00528505
9392 0.00498408
9408 0.00468764
9424 0.00439551
9440 0.00410725
9456 0.00382245
9472 0.00354089
9488 0.00326233
9504 0.00298652
9520 0.00294338
9536 0.00291027
9552 0.00288734
9568 0.00287463
9584 0.00287236
9600 0.00288069
9616 0.00289981
9632 0.00293005
9648 0.00297181
9664 0.00302531
9680 0.00309099
9696 0.00316915
9712 0.00326009
9728 0.00336415
9744 0.00298744
9760 -0.0031908
9776 -0.00316277
9792 -0.00312047
9808 -0.00306405
9824 -0.00299345
9840 -0.00290875
9856 -0.00280988
9872 -0.00269693
9888 -0.00256985
9904 -0.00242865
9920 -0.00227332
9936 -0.00160968
9952 -0.00144024
9968 -0.00127082
9984 -0.00110134
10000 -0.000931919
10016 -0.000762507
10032 -0.000593022
10048 -0.00042361
10064 -0.000254154
10080 -8.4728e-05
10096 0.00649348
10112 0.0065058
10128 0.0065217
10144 0.00654109
10160 0.00656407
10176 0.00659055
10192 0.00662054
10208 0.00665399
10224 0.00669086
10240 0.00673088
10256 0.00719035
10272 0.00720711
10288 0.007211
10304 0.00720079
10320 0.00717504
10336 0.00713224
10352 0.00707085
10368 0.00698692
10384 0.00688066
10400 0.00675104
10416 0.00659732
10432 0.00641903
10448 0.00588424
10464 0.0056848
10480 0.00547476
10496 0.00525432
10512 0.00502388
10528 0.0047842
10544 0.0045363
10560 0.00428151
10576 0.00402142
10592 0.00375781
10608 0.00349243
10624 0.00322706
10640 0.00296345
10656 0.00270336
10672 0.00244858
10688 0.00220074
10704 0.00196173
10720 0.00173309
10736 0.00151635
10752 0.00131291
10768 0.00112386
10784 0.000950015
10800 0.000791891
10816 0.000649706
10832 0.000523398
10848 0.000412754
10864 0.000317545
10880 0.000237393
10896 0.000171638
10912 0.000119322
10928 7.91955e-05
10944 4.98247e-05
10960 2.92697e-05
10976 1.57747e-05
10992 7.58401e-06
11008 3.08876e-06
11024 9.65239e-07
11040 1.83854e-07
11056 9.19317e-09
11072 -1.57748e-05
11088 -2.92697e-05
11104 -4.98247e-05
11120 -7.91955e-05
11136 -0.000118991
11152 -0.000170535
11168 -0.000234856
11184 -0.000312691
11200 -0.000404481
11216 -0.000510712
11232 -0.000631505
11248 -0.00076707
11264 -0.000917473
11280 -0.00108249
11296 -0.00126161
11312 -0.00145403
11328 -0.00165863
11344 -0.00187403
11360 -0.0020987
11376 -0.00233111
11392 -0.00256985
11408 -0.00281383
11424 -0.00306225
11440 -0.00331458
11456 -0.00357061
11472 -0.00383007
11488 -0.00409305
11504 -0.00435955
11520 -0.00462943
11536 -0.00490222
11552 -0.00517721
11568 -0.00545335
11584 -0.00572932
11600 -0.00600353
11616 -0.0062742
11632 -0.00653958
11648 -0.00679807
11664 -0.00704834
11680 -0.00728937
11696 -0.00752041
11712 -0.00774103
11728 -0.00795106
11744 -0.0081505
11760 -0.00833938
11776 -0.00851782
11792 -0.00410588
11808 -0.00410147
11824 -0.00407673
11840 -0.00403157
11856 -0.00396623
11872 -0.00388063
11888 -0.00377503
11904 -0.00364937
11920 -0.00350387
11936 -0.00333862
11952 -0.0031537
11968 -0.00294921
11984 -0.00214171
12000 -0.00191727
12016 -0.0016925
12032 -0.0014673
12048 -0.00124192
12064 -0.00101633
12080 -0.000790581
12096 -0.000564754
12112 -0.000338867
12128 -0.000112981
12144 0.000112981
12160 0.000338867
12176 0.000564754
12192 0.000790581
12208 0.00101632
12224 0.00124194
12240 0.0014673
12256 0.0016925
12272 0.00191727
12288 0.00214171
12304 0.0119031
12320 0.0097512
12336 0.0075794
12352 0.00538903
12368 0.0031815
12384 0.000958115
12400 -0.00127991
12416 -0.00353143
12432 -0.0057954
12448 -0.00807089
12464 -0.010357
12480 -0.0126529
12496 0.000428349
12512 0.00050354
12528 0.000568464
12544 0.000623032
12560 0.000405982
12576 0.000185311
12592 -3.88473e-05
12608 -0.000266507
12624 -0.000497714
12640 -0.000732481
12656 -0.000970766
12672 -0.00121255
12688 -0.0014579
12704 -0.00170675
12720 -0.00195917
12736 -0.00221506
12752 -0.00247455
12768 -0.00273752
12784 -0.00300406
12800 -0.00327408
12816 -0.00354768
12832 -0.00382476
12848 -0.0041054
12864 -0.00438957
12880 -0.00467725
12896 -0.00496854
12912 -0.00526324
12928 -0.00556153
12944 -0.00586334
12960 -0.00616872
12976 -0.00647759
12992 -0.00678995
13008 -0.00710592
13024 -0.00742552
13040 -0.00774899
13056 -0.00807637
13072 -0.00840789
13088 -0.0087437
13104 -0.00908393
13120 -0.00942865
13136 -0.00977814
13152 -0.0101325
13168 -0.0104918
13184 -0.0108561
13200 -0.0112251
13216 -0.011598
13232 -0.0119739
13248 -0.0123514
13264 -0.0127288
13280 -0.0131044
13296 -0.0134767
13312 -0.0138437
13328 0.000258207
13344 0.00024882
13360 0.000237614
13376 0.000224352
13392 0.00020951
13408 0.000192642
13424 0.000174284
13440 0.000154436
13456 0.000133276
13472 0.000110924
13488 8.74996e-05
13504 6.32405e-05
13520 3.82364e-05
13536 1.27852e-05
13552 -1.27852e-05
13568 -3.82364e-05
13584 -6.32405e-05
13600 0.0143888
13616 0.0140777
13632 0.0137571
13648 0.013427
13664 0.0130882
13680 0.012741
13696 0.0123868
13712 0.0120267
13728 0.0116622
13744 0.0112952
13760 0.0109273
13776 0.01056
13792 0.0101953
13808 0.00983384
13824 0.00947687
13840 0.00912479
13856 0.00877798
13872 0.00843644
13888 0.00810018
13904 0.00776929
13920 0.00744361
13936 0.00712311
13952 0.00680766
13968 0.00649698
13984 0.00619107
14000 0.00588968
14016 0.0055927
14032 0.00530002
14048 0.00501144
14064 0.00472683
14080 0.00444607
14096 0.00416894
14112 0.00389537
14128 0.00362533
14144 0.0033588
14160 0.00309582
14176 0.00283638
14192 0.00258043
14208 0.00232804
14224 0.00207917
14240 0.00183386
14256 0.00159203
14272 0.00135377
14288 0.00111902
14304 0.000887796
14320 0.000660107
14336 0.000435948
14352 0.000215352
14368 -1.77324e-06
14384 1.41114e-05
14400 4.06057e-05
14416 7.76649e-05
14432 0.000125304
14448 0.000183553
14464 0.000252396
14480 0.000331819
14496 0.000421852
14512 0.000522435
14528 0.000633642
14544 0.000755414
14560 0.000887766
14576 0.00103067
14592 0.00118414
14608 0.000764638
14624 -0.00410147
14640 -0.00407673
14656 -0.00403157
14672 -0.00396623
14688 -0.00388063
14704 -0.00377503
14720 -0.00364937
14736 -0.00350387
14752 -0.00333862
14768 -0.0031537
14784 -0.00294921
14800 -0.00214171
14816 -0.00191744
14832 -0.00169306
14848 -0.00146881
14864 -0.00124487
14880 -0.00102146
14896 -0.000798821
14912 -0.000577092
14928 -0.00035654
14944 -0.000137225
14960 8.05855e-05
14976 0.000296831
14992 0.000511184
15008 0.000723824
15024 0.000934541
15040 0.0011434
15056 0.00135024
15072 0.00155525
15088 0.00175846
15104 0.0042321
15120 0.00572302
15136 0.00573673
15152 0.00572161
15168 0.00567824
15184 0.00560741
15200 0.00551011
15216 0.00538754
15232 0.00524111
15248 0.00507235
15264 0.00488274
15280 0.00467375
15296 0.00444667
15312 0.00395394
15328 0.0037277
15344 0.00350177
15360 0.00327585
15376 0.00304999
15392 0.00282447
15408 0.00259989
15424 0.00237713
15440 0.00215737
15456 0.00194208
15472 0.00173296
15488 0.00153179
15504 0.00134027
15520 0.00115987
15536 0.000991768
15552 0.000836853
15568 0.000695707
15584 0.000568626
15600 0.000455666
15616 0.000356825
15632 0.00027205
15648 0.000201045
15664 0.000143223
15680 9.77005e-05
15696 6.33012e-05
15712 -3.85544e-05
15728 -6.33013e-05
15744 -9.76453e-05
15760 -0.000142763
15776 -0.000199243
15792 -0.000267086
15808 -0.000345702
15824 -0.000433916
15840 -0.000530072
15856 -0.000632406
15872 -0.000739207
15888 -0.000849006
15904 -0.000960623
15920 -0.00107318
15936 -0.00118608
15952 -0.00129905
15968 -0.00141201
15984 -0.00152497
16000 -0.00163793
16016 -0.00175089
16032 -0.00186385
16048 -0.00197681
16064 -0.00208977
16080 -0.00220273
16096 -0.00231602
16112 -0.00242975
16128 -0.00254415
16144 -0.00265943
16160 -0.00277581
16176 -0.0028935
16192 -0.00301276
16208 -0.00313377
16224 -0.00325677
16240 -0.00338197
16256 -0.00350955
16272 -0.00363943
16288 -0.00377123
16304 -0.00390431
16320 -0.0040377
16336 -0.00417013
16352 -0.00429983
16368 -0.00442511
16384 -0.00454433
16400 -0.00275361
16416 -0.0053096
16432 -0.00274225
16448 -0.00268709
16464 -0.00260621
16480 -0.00249973
16496 -0.00236786
16512 -0.00221083
16528 -0.0020288
16544 -0.00182204
16560 -0.00159074
16576 -0.00133517
16592 -0.000420071
16608 -0.000140041
16624 0.000140101
16640 0.000420213
16656 0.0052735
16672 -0.0118055
16688 -0.0119683
16704 -0.0121338
16720 -0.0122994
16736 -0.0124625
16752 -0.0126205
16768 -0.0127708
16784 -0.0129107
16800 -0.0130375
16816 -0.0131484
16832 -0.0132408
16848 -0.00198741
16864 -0.00212501
16880 -0.00226714
16896 -0.00241332
16912 -0.00256282
16928 -0.00271463
16944 -0.00286728
16960 -0.00301902
16976 -0.00316812
16992 -0.00331289
17008 -0.00345181
17024 -0.00358373
17040 -0.00370772
17056 -0.00382331
17072 -0.00393006
17088 -0.00402805
17104 -0.00411719
17120 -0.00419754
17136 -0.00426942
17152 -0.00433341
17168 -0.00439045
17184 -0.00444157
17200 -0.00448836
17216 -0.00453258
17232 -0.00457585
17248 -0.00461993
17264 -0.00466621
17280 -0.00471564
17296 -0.004769
17312 -0.00482672
17328 -0.00488889
17344 -0.00495556
17360 -0.00502643
17376 -0.00510147
17392 -0.00518045
17408 -0.00526324
17424 -0.00534973
17440 -0.00543976
17456 -0.00553331
17472 -0.00563034
17488 -0.00573099
17504 -0.00583512
17520 -0.00594279
17536 -0.00605398
17552 -0.00616872
17568 -0.00628695
17584 -0.00640869
17600 -0.0065341
17616 -0.00666285
17632 0.0163493
17648 0.0159945
17664 0.0156433
17680 0.0158926
17696 0.0154963
17712 0.0150791
17728 0.0146424
17744 0.0141873
17760 0.0137151
17776 0.0132267
17792 0.0127236
17808 0.0122067
17824 0.0116773
17840 0.0111367
17856 0.0105858
17872 0.00957721
17888 0.00905478
17904 0.00854647
17920 0.00805224
17936 0.00586929
17952 -0.00381623
17968 -0.00419748
17984 -0.00459285
18000 -0.00500233
18016 -0.00542591
18032 -0.00586351
18048 -0.0063149
18064 -0.00677998
18080 -0.00725859
18096 -0.00775059
18112 -0.00825582
18128 -0.00877413
18144 -0.00930557
18160 -0.00985005
18176 -0.0104077
18192 -0.0115237
18208 -0.0121076
18224 -0.0126787
18240 -0.013236
18256 -0.0137785
18272 -0.014305
18288 -0.0148148
18304 -0.0153069
18320 -0.0157806
18336 -0.00477898
18352 -0.00479531
18368 -0.00478512
18384 -0.00409746
18400 -0.00406218
18416 -0.00402817
18432 -0.00399569
18448 -0.00396478
18464 -0.00393566
18480 -0.00390831
18496 -0.00388274
18512 -0.00385892
18528 -0.00383684
18544 -0.00381652
18560 -0.00379801
18576 -0.00378123
18592 -0.00376624
18608 -0.00375301
18624 -0.0037415
18640 -0.00373182
18656 -0.00372386
18672 -0.00371769
18688 -0.00371331
18704 -0.00371063
18720 0.00885534
18736 0.00869736
18752 0.0085412
18768 0.00838673
18784 0.00823402
18800 0.00808313
18816 0.007934
18832 0.00778663
18848 0.00764102
18864 0.00749713
18880 0.00735509
18896 0.00721473
18912 0.00707588
18928 0.00693819
18944 0.00680095
18960 0.00666294
18976 0.00652304
18992 0.0063796
19008 0.00623098
19024 0.00607574
19040 0.00591236
19056 0.00573996
19072 0.00555778
19088 0.00536533
19104 0.00516233
19120 0.00494879
19136 0.00472465
19152 0.00448991
19168 0.004245
19184 0.00399046
19200 0.00372706
19216 0.00345612
19232 0.00317904
19248 0.00288099
19264 0.00257641
19280 0.00226671
19296 0.00195304
19312 0.00163616
19328 0.00131677
19344 0.000994951
19360 0.00067088
19376 0.000344053
19392 1.43051e-05
19408 -0.000318766
19424 -0.000655472
19440 -0.000996172
19456 -0.00134115
19472 -0.00169076
19488 -0.00204535
19504 -0.0020427
19520 -0.00202771
19536 -0.00200033
19552 -0.00196064
19568 -0.00190859
19584 -0.00184412
19600 -0.00176737
19616 -0.0016782
19632 -0.00157675
19648 -0.00146291
19664 -0.00133669
19680 -0.00119814
19696 -0.00104725
19712 -0.000883967
19728 -0.00129198
19744 -0.00751407
19760 -0.00760263
19776 -0.00767234
19792 -0.00113077
19808 -0.00120932
19824 -0.00126728
19840 -0.00130463
19856 -0.00132138
19872 -0.00131762
19888 -0.00129315
19904 -0.00124815
19920 -0.000683635
19936 -0.000635117
19952 -0.00058499
19968 -0.00053373
19984 -0.000481963
20000 -0.000430912
20016 -0.000381708
20032 -0.000336081
20048 -0.000295609
20064 -0.000261873
20080 -0.000236392
20096 -0.000220239
20112 -0.000214398
20128 -0.000219464
20144 -0.000235587
20160 -0.000263005
20176 -0.000301361
20192 -0.000350654
20208 -0.000410676
20224 -0.000481248
20240 -0.000562429
20256 -0.000654221
20272 -0.000756621
20288 -0.000869542
20304 -0.000993133
20320 -0.00112724
20336 -0.00127199
20352 -0.00142729
20368 -0.0015932
20384 -0.00176975
20400 -0.00195676
20416 -0.0021545
20432 -0.00236276
20448 -0.0025816
20464 -0.0028109
20480 0.00394354
20496 0.0011279
20512 -0.00632994
20528 -0.00637753
20544 -0.0064133
20560 -0.00643712
20576 -0.00644904
20592 -0.00644904
20608 -0.00643714
20624 -0.00641328
20640 -0.00637758
20656 -0.00632989
20672 -0.00627035
20688 -0.00567919
20704 -0.00560597
20720 -0.00553092
20736 -0.00545418
20752 -0.00537562
20768 -0.00529528
20784 -0.00521332
20800 -0.00512937
20816 -0.0050438
20832 -0.00495642
20848 -0.00486732
20864 -0.00477639
20880 -0.00468379
20896 -0.00458947
20912 -0.00449345
20928 -0.00439578
20944 -0.0042966
20960 -0.00419593
20976 -0.00409365
20992 -0.00399023
21008 -0.00388575
21024 -0.00378036
21040 -0.00367436
21056 -0.0035679
21072 -0.00346115
21088 -0.00335431
21104 -0.0032475
21120 -0.00314093
21136 -0.00303474
21152 -0.00292897
21168 -0.00282371
21184 -0.0027191
21200 -0.00261486
21216 -0.00251105
21232 -0.00240764
21248 -0.00230446
21264 -0.00220159
21280 -0.00209892
21296 -0.00199637
21312 -0.00189388
21328 -0.00179151
21344 -0.00168908
21360 -0.00158679
21376 -0.00148436
21392 -0.00138199
21408 -0.00127962
21424 -0.00117728
21440 -0.00107491
21456 -0.00097248
21472 -0.000870168
21488 -0.000767797
21504 -0.000665396
21520 -0.000563025
21536 -0.000460684
21552 -0.000358284
21568 -0.000255883
21584 -0.000153601
21600 -5.11706e-05
21616 5.12302e-05
21632 0.000153542
21648 0.000255883
21664 0.000358284
21680 0.000460684
21696 0.000563025
21712 0.000665426
21728 0.000767767
21744 0.000870109
21760 0.00097239
21776 0.00107455
21792 0.0011766
21808 0.00127846
21824 0.00138009
21840 0.00148135
21856 0.00158221
21872 0.00168252
21888 0.00178227
21904 0.00188136
21920 0.00197968
21936 0.00207704
21952 0.00217363
21968 0.00226915
21984 0.00236371
22000 0.00245732
22016 0.00254983
22032 0.00264138
22048 0.00273186
22064 0.00282156
22080 0.00291038
22096 0.0029982
22112 0.00308514
22128 0.003171
22144 0.00325572
22160 0.00333941
22176 0.00342175
22192 0.00350294
22208 0.00358263
22224 0.00366095
22240 0.00373766
22256 0.0038127
22272 0.00388592
22288 0.00395745
22304 0.00402719
22320 0.00409508
22336 0.0041613
22352 0.0042257
22368 0.00428841
22384 0.00434926
22400 0.00440839
22416 0.00446579
22432 0.00452134
22448 0.00457519
22464 0.00462726
22480 0.00467756
22496 0.00745244
22512 0.0145404
22528 0.0141777
22544 0.0143499
22560 0.0139472
22576 0.0135306
22592 0.0131014
22608 0.0126608
22624 0.0122098
22640 0.0117497
22656 0.0112817
22672 0.0108069
22688 0.0103265
22704 0.00984174
22720 0.00935374
22736 0.0084788
22752 0.00802431
22768 0.00758218
22784 0.00715239
22800 0.00673498
22816 0.00632989
22832 0.0059372
22848 0.00555683
22864 0.00518898
22880 0.00483377
22896 0.00449135
22912 -0.00260927
22928 -0.00285505
22944 -0.00311583
22960 -0.00339146
22976 -0.0036818
22992 -0.00398671
23008 -0.00430603
23024 -0.00463962
23040 -0.00498711
23056 -0.00534811
23072 -0.00572181
23088 -0.00610726
23104 -0.00650308
23120 -0.00690766
23136 -0.00731917
23152 -0.00773568
23168 -0.00815532
23184 -0.00857651
23200 -0.00899789
23216 -0.00941843
23232 -0.00983757
23248 -0.010255
23264 -0.0106706
23280 -0.0110845
23296 -0.0114967
23312 -0.0124943
23328 -0.00419755
23344 -0.00431463
23360 -0.00440949
23376 -0.00448216
23392 -0.00453264
23408 -0.00456083
23424 -0.00456688
23440 -0.00455073
23456 -0.00451231
23472 -0.00445172
23488 -0.0043689
23504 -0.00367665
23520 -0.00356811
23536 -0.003456
23552 -0.00334045
23568 -0.00322127
23584 -0.00309861
23600 -0.00297245
23616 -0.00284266
23632 -0.00270945
23648 -0.00257263
23664 -0.00243235
23680 -0.00228846
23696 -0.00214112
23712 -0.0019902
23728 -0.00183573
23744 -0.00167781
23760 -0.00151625
23776 -0.00135127
23792 -0.00118271
23808 -0.00101075
23824 -0.000835598
23840 -0.00065732
23856 -0.000476122
23872 -0.000292093
23888 -0.00010559
23904 8.30889e-05
23920 0.000273705
23936 0.000465989
23952 0.000659466
23968 0.000853986
23984 0.00104907
24000 0.00124475
24016 0.00144055
24032 0.00163645
24048 0.00183213
24064 0.00202739
24080 0.00222221
24096 0.00241637
24112 0.00260976
24128 0.00280246
24144 0.00299412
24160 0.00318477
24176 0.00337422
24192 0.00356248
24208 0.00374934
24224 0.0039348
24240 0.00411868
24256 0.00430107
24272 0.00448179
24288 0.00466082
24304 0.0048382
24320 0.00501379
24336 0.0170087
24352 0.0141644
24368 0.0113719
24384 0.00863326
24400 0.00595093
24416 0.00332721
24432 0.000764772
24448 -0.00173368
24464 -0.00416532
24480 -0.00652708
24496 -0.0088159
24512 -0.0110285
24528 0.00521322
24544 0.00559185
24560 0.00595455
24576 0.00630137
24592 0.00616281
24608 0.00602603
24624 0.00589101
24640 0.00575772
24656 0.00562629
24672 0.0054965
24688 0.00536859
24704 0.00524215
24720 0.00511697
24736 0.00499217
24752 0.00486678
24768 0.00473945
24784 0.00460826
24800 0.0044713
24816 0.00432667
24832 0.00417262
24848 0.00403956
24864 0.00389107
24880 0.00372635
24896 0.00354487
24912 0.00334641
24928 0.0031309
24944 0.00289827
24960 0.00264857
24976 0.00238222
24992 0.00209984
25008 0.00180241
25024 0.00149103
25040 0.00116742
25056 0.000833191
25072 0.000490136
25088 0.000139885
25104 -0.000216298
25120 -0.000577338
25136 -0.000942528
25152 -0.0013114
25168 -0.00168382
25184 -0.00205976
25200 -0.00243909
25216 -0.00282148
25232 -0.00320634
25248 -0.00359282
25264 -0.00397971
25280 -0.00436557
25296 -0.0047486
25312 -0.00512695
25328 -0.00549866
25344 -0.00586201
25360 -0.000741228
25376 -0.000884727
25392 -0.00102489
25408 -0.00116156
25424 -0.00129479
25440 -0.00142451
25456 -0.0015507
25472 -0.00167337
25488 -0.00179248
25504 -0.00190797
25520 -0.00201987
25536 -0.00212811
25552 -0.0022326
25568 -0.00233334
25584 -0.00243028
25600 -0.00252335
25616 -0.00319622
25632 -0.0032628
25648 -0.00330667
25664 -0.00332786
25680 -0.00332642
25696 -0.0033024
25712 -0.0032559
25728 -0.00318699
25744 -0.00309582
25760 -0.00298257
25776 -0.00284749
25792 -0.00269061
25808 -0.00192873
25824 -0.00174797
25840 -0.00156498
25856 -0.00137997
25872 -0.00119312
25888 -0.00100455
25904 -0.000814497
25920 -0.000623047
25936 -0.000430301
25952 -0.000236437
25968 -4.15146e-05
25984 0.000154153
26000 0.00035049
26016 0.000547409
26032 0.000744626
26048 0.000942111
26064 0.0011396
26080 0.0013371
26096 0.00153427
26112 0.00173107
26128 0.00251088
26144 0.00268739
26160 0.00284427
26176 0.00298138
26192 0.00309871
26208 0.00319608
26224 0.00327349
26240 0.00333081
26256 0.00336793
26272 0.00338483
26288 0.00338137
26304 0.00335751
26320 0.00272958
26336 0.00268343
26352 0.00263527
26368 0.00258486
26384 0.00253202
26400 0.00247654
26416 0.00241822
26432 0.00235686
26448 0.00229222
26464 0.00222406
26480 0.00215219
26496 0.00207631
26512 0.00199622
26528 0.00191182
26544 0.00182308
26560 0.00172986
26576 0.00163215
26592 0.0015301
26608 0.00142384
26624 0.00131355
26640 0.00119954
26656 0.00108202
26672 0.000961341
26688 0.000837825
26704 0.000711858
26720 0.00058379
26736 0.000454113
26752 0.000323221
26768 0.000191577
26784 5.94929e-05
26800 -7.27251e-05
26816 -0.000204824
26832 -0.000336505
26848 -0.000467531
26864 -0.000597686
26880 -0.000726849
26896 -0.000854835
26912 -0.000981599
26928 -0.00110707
26944 -0.00123119
26960 -0.00135401
26976 -0.00147556
26992 -0.00159581
27008 -0.00171492
27024 -0.00183296
27040 -0.00195
27056 -0.00206614
27072 -0.0021814
27088 -0.00229587
27104 -0.00240943
27120 -0.00252198
27136 -0.00263341
27152 -0.00332719
27168 -0.00341715
27184 -0.00348672
27200 -0.00353576
27216 -0.00356415
27232 0.00159194
27248 0.00141145
27264 0.00126606
27280 0.00115709
27296 0.00108542
27312 0.00105166
27328 0.00105606
27344 0.00160705
27360 0.00165012
27376 0.00171223
27392 0.00179262
27408 0.00236063
27424 0.00243536
27440 0.00250375
27456 0.00256282
27472 0.0026091
27488 0.00263901
27504 0.00264925
27520 0.00263716
27536 0.00260097
27552 0.00253992
27568 0.00245408
27584 0.00234456
27600 0.00185522
27616 0.00174079
27632 0.00162638
27648 0.00151338
27664 0.00140277
27680 0.00129516
27696 0.00119098
27712 0.00109027
27728 0.000992708
27744 0.000897951
27760 0.000754423
27776 0.000609443
27792 0.000462621
27808 0.00031358
27824 0.00016208
27840 7.65175e-06
27856 -0.000149883
27872 -0.000310563
27888 -0.000474475
27904 0.000943084
27920 -0.000225648
27936 -0.00233997
27952 -0.00230772
27968 -0.00225586
27984 -0.00218448
28000 -0.0020937
28016 -0.00198366
28032 -0.00185441
28048 -0.00170607
28064 -0.00153875
28080 -0.00135246
28096 -0.0011473
28112 -0.000336096
28128 -0.000112042
28144 0.000112042
28160 0.000336088
28176 0.00392563
28192 -0.0106338
28208 -0.0106482
28224 -0.0106627
28240 -0.0106758
28256 -0.0106862
28272 -0.0106931
28288 -0.0106958
28304 -0.010694
28320 -0.0106089
28336 -0.0105308
28352 -0.0104589
28368 -0.000847787
28384 -0.000941679
28400 -0.00103819
28416 -0.00113757
28432 -0.00124007
28448 -0.00134586
28464 -0.00145532
28480 -0.00156876
28496 -0.0016863
28512 -0.00180733
28528 -0.00193125
28544 -0.00205702
28560 -0.00218335
28576 -0.00230861
28592 -0.00243124
28608 -0.00254956
28624 -0.00266244
28640 -0.0027692
28656 -0.00286992
28672 -0.002965
28688 -0.00356382
28704 -0.00365123
28720 -0.00371833
28736 -0.00376678
28752 -0.00379813
28768 -0.00381404
28784 -0.00381631
28800 -0.00380664
28816 -0.0037868
28832 0.00129621
28848 0.00143385
28864 0.0015897
28880 0.00234702
28896 0.0025197
28912 0.002691
28928 0.00286077
28944 0.00361235
28960 0.00375947
28976 0.0038856
28992 0.00399064
29008 0.00407456
29024 0.00413726
29040 0.0041789
29056 0.00419956
29072 0.0041994
29088 0.0041786
29104 0.00413726
29120 0.00407557
29136 0.00341001
29152 0.00332683
29168 0.00324249
29184 0.0031572
29200 0.00307096
29216 0.00298393
29232 0.00289605
29248 0.00280724
29264 0.00271745
29280 0.00262658
29296 0.00253454
29312 0.00244126
29328 0.00234669
29344 0.00225078
29360 0.00215357
29376 0.00205505
29392 0.00195528
29408 0.00185423
29424 0.00175181
29440 0.00164805
29456 0.00154297
29472 0.00143659
29488 0.00132898
29504 0.00122027
29520 0.00111046
29536 0.000999674
29552 0.000888117
29568 0.000775963
29584 0.000663415
29600 0.000550732
29616 0.000438169
29632 0.000325978
29648 0.000214323
29664 0.000103459
29680 -6.54161e-06
29696 -0.000115462
29712 -0.000223197
29728 -0.000329643
29744 -0.000434846
29760 -0.000538848
29776 -0.000641696
29792 -0.000743419
29808 -0.000844166
29824 -0.000944115
29840 -0.00104334
29856 -0.00114202
29872 -0.00124024
29888 -0.0013381
29904 -0.00143567
29920 -0.00153311
29936 -0.00163049
29952 -0.00172792
29968 -0.00182553
29984 -0.0019235
30000 -0.00202179
30016 -0.00212044
30032 -0.00221944
30048 -0.00231892
30064 -0.0024189
30080 -0.00251947
30096 -0.00262076
30112 -0.00272277
30128 -0.00282567
30144 -0.00292946
30160 -0.00303423
30176 -0.00313983
30192 -0.00324619
30208 -0.0033531
30224 -0.00404406
30240 -0.00413279
30256 -0.00420274
30272 -0.00425367
30288 -0.00428537
30304 -0.00429761
30320 -0.00429012
30336 -0.00426273
30352 -0.0042152
30368 -0.00414746
30384 -0.00405945
30400 -0.00395122
30416 -0.00323904
30432 0.000378296
30448 0.00038451
30464 0.000403896
30480 0.00098078
30496 0.000983641
30512 0.000975639
30528 0.000955045
30544 0.000920117
30560 0.000869364
30576 0.000801086
30592 0.000713661
30608 0.000605538
30624 0.000475019
30640 0.000320673
30656 0.000141412
30672 -0.000496224
30688 -0.000688329
30704 -0.000886083
30720 -0.00108817
30736 -0.00129282
30752 -0.00149846
30768 -0.00170329
30784 -0.00190586
30800 -0.00210522
30816 -0.00230058
30832 -0.00249171
30848 -0.00267848
30864 -0.00286102
30880 -0.00303963
30896 -0.00321451
30912 -0.0033858
30928 -0.00355381
30944 -0.00371872
30960 -0.00388075
30976 0.00142156
30992 -0.000381261
31008 -0.00544931
31024 -0.00545681
31040 -0.00544286
31056 -0.00540768
31072 -0.00535132
31088 -0.00527394
31104 -0.00517558
31120 -0.00505635
31136 -0.00491637
31152 -0.00475568
31168 -0.00457439
31184 -0.00378519
31200 -0.00358146
31216 -0.00337589
31232 -0.00316861
31248 -0.00295965
31264 -0.00274906
31280 -0.00253689
31296 -0.00232321
31312 -0.00210825
31328 -0.00189224
31344 -0.00167537
31360 -0.00145799
31376 -0.00124025
31392 -0.00102246
31408 -0.000804901
31424 -0.000587821
31440 -0.000371397
31456 -0.000155956
31472 5.82635e-05
31488 0.000270903
31504 0.000481755
31520 0.000690579
31536 0.000897199
31552 0.00110143
31568 0.00130302
31584 0.00150186
31600 0.00169781
31616 0.0018906
31632 0.0020802
31648 0.00226644
31664 0.0024491
31680 0.00262824
31696 0.00280385
31712 0.00297596
31728 0.0031445
31744 0.00330955
31760 0.00405829
31776 0.0109875
31792 0.0108922
31808 0.0107689
31824 0.0106189
31840 0.0104433
31856 0.0102433
31872 0.01002
31888 0.00977468
31904 0.00950846
31920 0.00922252
31936 0.00891808
31952 0.00816434
31968 0.00786515
31984 0.00756424
32000 0.00726154
32016 0.00695706
32032 0.00665084
32048 0.00634285
32064 0.00603309
32080 0.00572162
32096 0.00540873
32112 0.00509503
32128 0.00478136
32144 0.00446894
32160 0.00415922
32176 0.00385391
32192 -0.00122844
32208 -0.00139877
32224 -0.00158498
32240 -0.00178707
32256 -0.00200491
32272 -0.00223832
32288 -0.00248719
32304 -0.00275135
32320 -0.00303066
32336 -0.00332483
32352 -0.00363356
32368 -0.00395656
32384 -0.00429352
32400 -0.00464418
32416 -0.00500815
32432 -0.00538486
32448 -0.0057736
32464 -0.00617331
32480 -0.00658265
32496 -0.00700003
32512 -0.00742359
32528 -0.00785159
32544 -0.00828227
32560 -0.00871417
32576 -0.00914612
32592 -0.00957729
32608 -0.00301783
32624 -0.00318435
32640 -0.00334787
32656 -0.00350825
32672 -0.00366546
32688 -0.00381939
32704 -0.00396997
32720 -0.00411718
32736 -0.00426091
32752 -0.00440119
32768 -0.00453797
32784 -0.00525847
32800 -0.00536954
32816 -0.00545833
32832 -0.00552499
32848 -0.00556943
32864 -0.0055916
32880 -0.00559162
32896 -0.00556941
32912 -0.00552498
32928 -0.00545838
32944 -0.00536948
32960 -0.0052585
32976 -0.00453797
32992 -0.00440118
33008 -0.00426087
33024 -0.00411704
33040 -0.00396967
33056 -0.00381872
33072 -0.00366431
33088 -0.0035063
33104 -0.00334486
33120 -0.00317979
33136 -0.00301126
33152 -0.00283918
33168 -0.00266355
33184 -0.00248456
33200 -0.00230202
33216 -0.00211617
33232 -0.00192693
33248 -0.00173444
33264 -0.00153872
33280 -0.00134006
33296 -0.00113869
33312 -0.00093478
33328 -0.000728697
33344 -0.000520676
33360 -0.000310987
33376 -0.000100195
33392 0.000111341
33408 0.000323206
33424 0.000535131
33440 0.000746578
33456 0.000957251
33472 0.001167
33488 0.00137553
33504 0.00158265
33520 0.00178829
33536 0.00199211
33552 0.0021942
33568 0.00239453
33584 0.00259307
33600 0.00278991
33616 0.00298491
33632 0.00317815
33648 0.00336972
33664 0.00355944
33680 0.0037474
33696 0.00393361
33712 0.00411806
33728 0.00430074
33744 0.00448164
33760 0.00466082
33776 0.00483817
33792 0.00501379
33808 0.0170087
33824 0.0141644
33840 0.0113719
33856 0.00863326
33872 0.00595093
33888 0.00332721
33904 0.000764772
33920 -0.00173368
33936 -0.00416532
33952 -0.00652708
33968 -0.0088159
33984 -0.0110285
34000 0.00521322
34016 0.00559185
34032 0.00595455
34048 0.00630137
34064 0.00618491
34080 0.00607228
34096 0.00596321
34112 0.0058573
34128 0.00575431
34144 0.00565383
34160 0.00555554
34176 0.00545843
34192 0.00536045
34208 0.00525832
34224 0.00514759
34240 0.00502263
34256 0.00487633
34272 0.00470124
34288 0.00448982
34304 0.00423606
34320 0.00392506
34336 0.00358268
34352 0.00319791
34368 0.00277606
34384 0.00232467
34400 0.00185248
34416 0.0013683
34432 0.000880182
34448 0.000394866
34464 -8.23438e-05
34480 -0.000547476
34496 -0.000998102
34512 -0.00138847
34528 -0.00180767
34544 -0.00221539
34560 -0.00261152
34576 -0.00308796
34592 -0.00346162
34608 -0.00382058
34624 -0.00416619
34640 -0.00450003
34656 -0.00482386
34672 -0.00513947
34688 -0.00544825
34704 -0.0057511
34720 -0.00604835
34736 -0.00633967
34752 -0.00662418
34768 -0.0067804
34784 -0.0070467
34800 -0.00730591
34816 -0.00755681
34832 -0.00104803
34848 -0.00108069
34864 -0.00110462
34880 -0.00111993
34896 -0.00112693
34912 -0.00112578
34928 -0.00111687
34944 -0.00110041
34960 -0.00107674
34976 -0.00104612
34992 -0.00100893
35008 -0.000965372
35024 -0.000751033
35040 -0.00070034
35056 -0.000648677
35072 -0.00059633
35088 -0.000745729
35104 -0.000687525
35120 -0.00062409
35136 -0.00055556
35152 -0.000481904
35168 -0.000403032
35184 -0.0003189
35200 -0.000229537
35216 -0.000134706
35232 -3.44664e-05
35248 7.13617e-05
35264 0.000182807
35280 0.000502303
35296 0.000620455
35312 0.0079788
35328 0.00796264
35344 0.00850189
35360 0.00844631
35376 0.00836846
35392 0.00826672
35408 0.00814039
35424 0.00798905
35440 0.00781289
35456 0.00761266
35472 0.00738965
35488 0.00714545
35504 0.00688168
35520 0.0065998
35536 0.00585857
35552 0.00558135
35568 0.00530752
35584 0.00503733
35600 0.00477082
35616 0.00450782
35632 -0.00360723
35648 -0.0038681
35664 -0.00413383
35680 -0.0044037
35696 -0.00467727
35712 -0.00495438
35728 -0.00523502
35744 -0.00551917
35760 -0.00580668
35776 -0.00609715
35792 -0.00638975
35808 -0.00668356
35824 -0.0069772
35840 -0.00726902
35856 -0.00809392
35872 -0.00837696
35888 -0.00863445
35904 -0.00886551
35920 -0.00906982
35936 -0.00924771
35952 -0.0018688
35968 -0.00182788
35984 -0.00176707
36000 -0.00168642
36016 -0.00158605
36032 -0.00146596
36048 -0.000742659
36064 -0.000602201
36080 -0.000460938
36096 -0.00031893
36112 0.00920945
36128 0.00679268
36144 0.00429875
36160 0.00172657
36176 -0.000924185
36192 -0.00365376
36208 -0.00646187
36224 -0.00934838
36240 -0.0123133
36256 -0.0153572
36272 -0.0184807
36288 -0.021685
36304 -0.00438666
36320 -0.00422946
36336 -0.00408041
36352 -0.00394049
36368 0.0163485
36384 0.012951
36400 0.00950417
36416 0.00600544
36432 0.00245264
36448 -0.00115624
36464 -0.00482371
36480 -0.0085521
36496 -0.0123438
36512 -0.0162011
36528 -0.0201265
36544 -0.0241222
36560 -0.00343528
36576 -0.00345999
36592 -0.00349092
36608 -0.00352859
36624 0.019981
36640 0.0158764
36656 0.0117173
36672 0.00749844
36688 0.00321409
36704 -0.00114185
36720 -0.00557578
36736 -0.010094
36752 -0.0147019
36768 -0.0194044
36784 -0.0242054
36800 -0.0291081
36816 -0.00519297
36832 -0.00545114
36848 -0.00570953
36864 -0.00596374
36880 0.0221572
36896 0.0171571
36912 0.0120909
36928 0.00695348
36944 0.00173974
36960 -0.00355542
36976 -0.00893748
36992 -0.0144113
37008 -0.019982
37024 -0.0256541
37040 -0.0314321
37056 -0.0373206
37072 -0.00773132
37088 -0.00780368
37104 -0.00786334
37120 -0.00791007
37136 -3.76701e-05
37152 -1.91331e-05
37168 -2.32458e-06
37184 1.26362e-05
37200 2.58684e-05
37216 3.73125e-05
37232 4.70877e-05
37248 5.50151e-05
37264 6.1214e-05
37280 6.55651e-05
37296 6.82473e-05
37312 6.91414e-05
37328 6.82473e-05
37344 6.55651e-05
37360 6.1214e-05
37376 5.50151e-05
37392 4.70877e-05
37408 3.73721e-05
37424 2.58088e-05
37440 1.26362e-05
37456 -2.26498e-06
37472 -1.91331e-05
37488 -3.74913e-05
37504 -5.73397e-05
37520 -7.86185e-05
37536 -0.000100851
37552 -0.000124276
37568 -0.000148594
37584 -0.000173569
37600 -0.00019896
37616 -0.00022465
37632 -0.000250041
37648 -0.000275075
37664 0.00823247
37680 0.00821787
37696 0.00819021
37712 0.00814962
37728 0.00809625
37744 0.00803018
37760 0.00795165
37776 0.00786078
37792 0.00775746
37808 0.00764191
37824 0.00751397
37840 0.0073736
37856 0.00722092
37872 0.00705591
37888 0.00687853
37904 0.00648639
37920 0.00629374
37936 0.00603691
37952 0.00577247
37968 0.00550047
37984 0.00522202
38000 0.00493854
38016 0.00465271
38032 0.00436798
38048 0.00408846
38064 0.0038189
38080 0.00356445
38096 0.00350374
38112 0.00328285
38128 0.00308266
38144 0.00290444
38160 0.0025456
38176 0.00241885
38192 0.00228333
38208 0.0021708
38224 0.00207797
38240 0.0020014
38256 0.00193891
38272 0.00188839
38288 0.00184855
38304 0.00181881
38320 0.00179914
38336 0.00178945
38352 0.00196385
38368 0.0019649
38384 0.00197148
38400 0.00198391
38416 0.0017997
38432 0.00183338
38448 0.00196642
38464 0.00211731
38480 0.00228634
38496 0.00247338
38512 0.00267807
38528 0.00289965
38544 0.00313705
38560 0.00338882
38576 0.00365326
38592 0.00392857
38608 0.0043872
38624 0.00467038
38640 0.00495625
38656 0.00524485
38672 0.0053345
38688 -0.00245747
38704 -0.00234267
38720 -0.00222269
38736 -0.00209749
38752 -0.00196686
38768 -0.00183102
38784 -0.00168973
38800 -0.00154313
38816 -0.00139138
38832 -0.00123432
38848 -0.00107223
38864 -0.000702739
38880 -0.000535518
38896 -0.000368148
38912 -0.000200957
38928 -3.38554e-05
38944 0.000132948
38960 0.000299424
38976 0.000465304
38992 0.000630736
39008 0.000795543
39024 0.000959665
39040 0.00112319
39056 0.00128606
39072 0.00144839
39088 0.00161028
39104 0.00177178
39120 0.00193295
39136 0.00209397
39152 0.00795946
39168 0.0092075
39184 0.0096795
39200 0.0095565
39216 0.00941122
39232 0.0092447
39248 0.0090577
39264 0.00885014
39280 0.00862151
39296 0.00837131
39312 0.00809896
39328 0.00780457
39344 0.00748861
39360 0.00715233
39376 0.0063934
39392 -0.00284576
39408 -0.00306106
39424 -0.00328087
39440 -0.00350403
39456 -0.00372995
39472 -0.00395864
39488 -0.00419065
39504 -0.00442721
39520 -0.00466993
39536 -0.0049206
39552 -0.00518087
39568 -0.0054519
39584 -0.00573431
39600 -0.00602807
39616 -0.00633259
39632 -0.00664675
39648 -0.00696883
39664 -0.00729707
39680 -0.00762984
39696 -0.00861718
39712 -0.00166051
39728 -0.00177222
39744 -0.00185609
39760 -0.00191206
39776 -0.00194004
39792 -0.00194006
39808 -0.00191206
39824 -0.00185609
39840 -0.00177221
39856 -0.0016605
39872 -0.00152108
39888 -0.000702739
39904 -0.000535488
39920 -0.000368193
39936 -0.000200942
39952 0.00959182
39968 0.00711
39984 0.00455172
40000 0.00191648
40016 -0.000795603
40032 -0.00358394
40048 -0.00644803
40064 -0.00938722
40080 -0.0124012
40096 -0.0154904
40112 -0.0186552
40128 -0.0218966
40144 -0.0041773
40160 -0.0039885
40176 -0.00380823
40192 -0.00363812
40208 0.0169034
40224 0.0134509
40240 0.00994965
40256 0.0063976
40272 0.00279287
40288 -0.000866354
40304 -0.00458187
40320 -0.00835568
40336 -0.0121902
40352 -0.0160882
40368 -0.0200528
40384 -0.0240876
40400 -0.00328571
40416 -0.00335217
40432 0.00228244
40448 0.00237024
40464 0.00265411
40480 0.0027343
40496 0.00280818
40512 0.0028758
40528 0.00293711
40544 0.002992
40560 0.00304052
40576 0.0030826
40592 0.00311816
40608 0.00314733
40624 0.00316992
40640 0.00318614
40656 0.00299814
40672 0.0030061
40688 0.0030123
40704 0.00301671
40720 0.00317946
40736 0.00317582
40752 0.00316587
40768 0.00314975
40784 0.00312757
40800 0.00309938
40816 0.00306526
40832 0.00302523
40848 0.00297925
40864 0.00292742
40880 0.00286984
40896 0.00280654
40912 0.00257763
40928 0.00250787
40944 0.00243735
40960 0.00236613
40976 0.00229418
40992 0.00222157
41008 0.00214848
41024 0.00207503
41040 0.00200123
41056 0.0019273
41072 0.00185324
41088 0.00177912
41104 0.00170501
41120 0.00163086
41136 0.00155672
41152 0.00148261
41168 0.00140849
41184 0.00133435
41200 0.00126021
41216 0.00118607
41232 0.00111189
41248 0.00103769
41264 0.00096339
41280 0.000888899
41296 0.000814274
41312 0.000739381
41328 0.000664279
41344 0.000589088
41360 0.000513807
41376 0.000438541
41392 0.000363231
41408 0.000288069
41424 0.000212908
41440 0.000137761
41456 6.25104e-05
41472 -1.30236e-05
41488 -8.88109e-05
41504 -0.000165045
41520 -0.000241891
41536 -0.000319585
41552 -0.000398308
41568 -0.000478253
41584 -0.000559464
41600 -0.000642151
41616 -0.000726253
41632 -0.000811785
41648 -0.000898391
41664 -0.000986025
41680 -0.00107443
41696 -0.00116335
41712 -0.00125249
41728 -0.00134157
41744 -0.00178799
41760 -0.00186655
41776 -0.00193462
41792 -0.00199197
41808 -0.00203812
41824 -0.00207292
41840 -0.00209621
41856 -0.00210798
41872 -0.00210819
41888 -0.00209692
41904 -0.00207424
41920 -0.00204034
41936 -0.00163758
41952 -0.00159121
41968 -0.00154355
41984 -0.00149512
42000 -0.00144622
42016 -0.00139719
42032 -0.00134832
42048 -0.00129974
42064 -0.0012517
42080 -0.00120443
42096 -0.00115809
42112 -0.00111288
42128 -0.00106889
42144 -0.0010263
42160 -0.000985175
42176 -0.000945657
42192 -0.000907779
42208 -0.00087148
42224 -0.000836641
42240 -0.000803143
42256 -0.00041309
42272 -0.000391245
42288 -0.000379682
42304 -0.000378251
42320 -0.000386864
42336 -0.000405312
42352 -0.000433564
42368 -0.000471264
42384 -0.000518471
42400 -0.000575036
42416 -0.000641048
42432 -0.000716448
42448 -0.00115901
42464 -0.00124368
42480 -0.00132808
42496 -0.001412
42512 -0.00149539
42528 -0.001578
42544 -0.00165975
42560 0.00621462
42576 0.00590399
42592 0.00559336
42608 0.00528196
42624 0.00496864
42640 0.00465214
42656 0.00433058
42672 0.00400205
42688 0.00366427
42704 0.00331534
42720 0.00295341
42736 0.00257698
42752 0.00218481
42768 0.00177599
42784 0.00134993
42800 0.00131287
42816 0.00127934
42832 0.00124943
42848 0.00122376
42864 0.00120354
42880 0.00119042
42896 0.00118685
42912 0.00119576
42928 0.00122054
42944 0.00126475
42960 0.00133176
42976 0.00142458
42992 0.00154552
43008 0.00169638
43024 0.00129463
43040 -0.00608899
43056 -0.00615016
43072 -0.006189
43088 -0.00620548
43104 -0.00619955
43120 -0.00617135
43136 -0.00612077
43152 -0.00604784
43168 -0.00595263
43184 -0.00583515
43200 -0.00569543
43216 -0.00494996
43232 -0.00478482
43248 -0.00461644
43264 -0.00444502
43280 -0.00427055
43296 -0.00409314
43312 -0.0039129
43328 -0.00373
43344 -0.00354451
43360 -0.00335652
43376 -0.00316611
43392 -0.0029735
43408 -0.00277874
43424 -0.00258192
43440 -0.0023832
43456 -0.00218254
43472 -0.00198039
43488 -0.00177646
43504 -0.00157109
43520 -0.00136447
43536 -0.00115669
43552 -0.000947803
43568 -0.000738055
43584 -0.00052774
43600 -0.000316828
43616 -0.000105649
43632 0.000105649
43648 0.000316828
43664 0.00052768
43680 0.000738114
43696 0.000947833
43712 0.0011566
43728 0.00136453
43744 0.00157112
43760 0.00177652
43776 0.00198045
43792 0.00218293
43808 0.00238383
43824 0.00258306
43840 0.00278068
43856 0.00297654
43872 0.0031707
43888 0.00336307
43904 0.00355369
43920 0.00374258
43936 0.00392962
43952 0.00411496
43968 0.00429854
43984 0.00448033
44000 0.00466034
44016 0.00483862
44032 0.00501513
44048 0.0176763
44064 0.0145358
44080 0.0114223
44096 0.00833625
44112 0.00527792
44128 0.00224765
44144 -0.000754535
44160 -0.00372846
44176 -0.00667427
44192 -0.00959201
44208 -0.0124819
44224 -0.0153444
44240 0.00253808
44256 0.00272697
44272 0.00289813
44288 0.00305167
44304 0.00268021
44320 0.00231427
44336 0.00195372
44352 0.00159805
44368 0.00124708
44384 0.000900388
44400 0.000557631
44416 0.000218391
44432 -0.000118196
44448 0.00463399
44464 0.0045753
44480 0.00451452
44496 0.00445157
44512 0.00438632
44528 0.00431874
44544 0.00424863
44560 0.00417596
44576 0.00410056
44592 0.0040224
44608 0.00394127
44624 0.00385712
44640 0.00376987
44656 0.00367956
44672 0.00358629
44688 0.00349009
44704 0.0033911
44720 0.0032894
44736 0.00318514
44752 0.00307837
44768 0.00296926
44784 0.00285797
44800 0.0027446
44816 0.00262934
44832 0.00251234
44848 0.00239362
44864 0.00227322
44880 0.00215124
44896 0.00202772
44912 0.00190289
44928 0.00177696
44944 0.00165018
44960 0.00152281
44976 0.00139512
44992 0.00126739
45008 0.00113995
45024 0.00101309
45040 0.000887141
45056 0.000762433
45072 0.000639275
45088 0.000518009
45104 0.00039883
45120 0.00028199
45136 0.000167608
45152 5.59092e-05
45168 -5.30332e-05
45184 -0.000159159
45200 -0.000262409
45216 -0.000362813
45232 -0.000460356
45248 -0.000555143
45264 -0.000647292
45280 -0.000737041
45296 -0.00082466
45312 -0.000910476
45328 -0.000994846
45344 -0.00107811
45360 -0.00116064
45376 -0.00124279
45392 -0.00132488
45408 -0.00140724
45424 -0.0014901
45440 -0.00157365
45456 -0.00165817
45472 -0.00174361
45488 -0.00183004
45504 -0.00191742
45520 -0.00200564
45536 -0.00209463
45552 -0.0021843
45568 -0.00227442
45584 -0.00236483
45600 -0.00245531
45616 -0.00254564
45632 -0.0026356
45648 -0.00272505
45664 -0.0028137
45680 -0.00290161
45696 -0.00298877
45712 -0.00307517
45728 -0.0031608
45744 -0.0032457
45760 -0.00332986
45776 -0.00341338
45792 -0.00349632
45808 -0.00357884
45824 -0.00366108
45840 -0.0040773
45856 -0.00414997
45872 -0.00421321
45888 -0.00426705
45904 -0.00431149
45920 -0.00434646
45936 -0.00437206
45952 -0.00438826
45968 -0.00439501
45984 -0.00439239
46000 -0.00438032
46016 -0.00435883
46032 -0.00399375
46048 -0.00396287
46064 -0.003932
46080 -0.00390112
46096 -0.00387022
46112 -0.00383934
46128 -0.00380844
46144 -0.00377756
46160 -0.00374663
46176 -0.00371578
46192 -0.00368491
46208 -0.003654
46224 -0.00362313
46240 -0.00359222
46256 -0.00356138
46272 -0.00353041
46288 -0.00349957
46304 -0.00346869
46320 -0.00343776
46336 -0.00340694
46352 -0.00319007
46368 -0.00316396
46384 -0.00314245
46400 -0.00312567
46416 -0.00311363
46432 -0.00310624
46448 -0.00310361
46464 -0.00310567
46480 -0.00311249
46496 -0.00312391
46512 -0.00314006
46528 -0.00316101
46544 -0.00337249
46560 -0.00339806
46576 -0.00342369
46592 -0.00344926
46608 -0.00366077
46624 -0.00368169
46640 -0.00369799
46656 -0.00370964
46672 -0.00371671
46688 -0.0037193
46704 -0.00371742
46720 -0.00371116
46736 0.00415313
46752 0.00405633
46768 0.00396326
46784 0.00387239
46800 0.00395593
46816 0.00385478
46832 0.00374672
46848 0.00363067
46864 0.0033038
46880 0.00317997
46896 0.00302374
46912 0.00286341
46928 0.00269905
46944 0.0025309
46960 0.00235957
46976 0.00218594
46992 0.00201115
47008 0.00183678
47024 0.0016644
47040 0.00149593
47056 0.00150707
47072 0.00134227
47088 0.00118214
47104 0.00102863
47120 0.000681251
47136 0.000556052
47152 0.000419825
47168 0.000302434
47184 0.000205874
47200 0.000130981
47216 7.79927e-05
47232 4.62234e-05
47248 3.3915e-05
47264 3.8594e-05
47280 5.67436e-05
47296 8.4877e-05
47312 0.000293881
47328 0.000323236
47344 0.000350147
47360 0.000373632
47376 0.00019145
47392 0.000218511
47408 0.000221252
47424 0.000229537
47440 0.000245035
47456 0.000268936
47472 0.000301927
47488 0.000343829
47504 0.000394285
47520 0.000451833
47536 0.000515074
47552 0.000582099
47568 0.000825465
47584 0.000886202
47600 0.000942707
47616 0.000994921
47632 0.000840992
47648 0.000896305
47664 0.00092724
47680 0.000963718
47696 0.0010078
47712 0.0010609
47728 0.00112379
47744 0.00119698
47760 0.00127995
47776 0.00137204
47792 0.0014717
47808 0.00157756
47824 0.00186241
47840 0.00196761
47856 0.00207171
47872 0.00217512
47888 0.00208926
47904 0.00219887
47920 0.00238425
47936 0.00257829
47952 0.00278249
47968 0.00299796
47984 0.00322506
48000 0.00346366
48016 0.00371304
48032 0.00397187
48048 0.00423837
48064 0.00451058
48080 0.00494745
48096 0.0052208
48112 0.00549525
48128 0.00577056
48144 0.00589538
48160 -0.00145221
48176 -0.00129417
48192 -0.00113419
48208 -0.000972599
48224 -0.00080952
48240 -0.000645101
48256 -0.000479609
48272 -0.000313193
48288 -0.00014618
48304 2.12491e-05
48320 0.000188917
48336 0.000508517
48352 0.000676215
48368 0.000843704
48384 0.00101092
48400 0.00117788
48416 0.00134471
48432 0.00151142
48448 0.00167795
48464 0.00184453
48480 0.00201102
48496 0.00217758
48512 0.00234419
48528 0.00251092
48544 0.00267793
48560 0.00284526
48576 0.00301296
48592 0.00318095
48608 0.0033493
48624 0.00351807
48640 0.0036871
48656 0.0136818
48672 0.0114096
48688 0.00916998
48704 0.00696456
48720 0.00479542
48736 0.00266463
48752 0.000574589
48768 -0.00147209
48784 -0.0034726
48800 -0.00542389
48816 -0.00732268
48832 -0.0091655
48848 0.0041219
48864 0.0044212
48880 0.0047065
48896 0.00497819
48912 0.00490938
48928 0.00484051
48944 0.00477171
48960 0.00470285
48976 0.00463404
48992 0.00456518
49008 0.00449622
49024 0.00442693
49040 0.0043572
49056 0.00428693
49072 0.00421586
49088 0.00414393
49104 0.00407066
49120 0.00399576
49136 0.00391887
49152 0.00383978
49168 0.00375824
49184 0.00367408
49200 0.00358719
49216 0.00349751
49232 0.00340495
49248 0.00330946
49264 0.0032111
49280 0.00310994
49296 0.00300607
49312 0.00289954
49328 0.00279043
49344 0.0026787
49360 0.00256455
49376 0.00244806
49392 0.00232937
49408 0.00220861
49424 0.00208594
49440 0.00196151
49456 0.00183532
49472 0.00170735
49488 0.00157762
49504 0.00144614
49520 0.00131272
49536 0.00117726
49552 0.00103959
49568 0.000899561
49584 0.000757039
49600 0.000611871
49616 0.000463903
49632 0.000312991
49648 0.000158999
49664 1.76579e-06
49680 -0.00015885
49696 -0.000322998
49712 -0.000490673
49728 -0.000661876
49744 -0.000836615
49760 -0.00101487
49776 -0.00119654
49792 -0.00138159
49808 -0.00157036
49824 -0.00176339
49840 -0.00196159
49856 -0.00216614
49872 -0.0023785
49888 -0.00260026
49904 -0.00283303
49920 -0.00307795
49936 -0.00333532
49952 -0.00360455
49968 -0.00388432
49984 -0.0041724
50000 -0.00446577
50016 -0.00476089
50032 -0.00505427
50048 -0.00534285
50064 -0.00562446
50080 -0.0058977
50096 -0.00616217
50112 -0.00641834
50128 -0.00666746
50144 -0.00691129
50160 -0.00715157
50176 -0.00738995
50192 -0.0076277
50208 -0.00786585
50224 -0.00810519
50240 -0.00834614
50256 -0.00858882
50272 -0.00883326
50288 -0.00907966
50304 -0.00932807
50320 -0.000439465
50336 -0.000443593
50352 -0.000446722
50368 -0.000448883
50384 -0.000450373
50400 -0.000451237
50416 -0.000451714
50432 -0.000451833
50448 -0.000451848
50464 -0.000451818
50480 -0.000451863
50496 -0.000451848
50512 -0.000451848
50528 -0.000451833
50544 -0.000451848
50560 -0.000451848
50576 -0.000451833
50592 -0.000451833
50608 -0.000451863
50624 -0.000451818
50640 -0.000451848
50656 -0.000451833
50672 -0.000451848
50688 -0.000451848
50704 -0.0006354
50720 -0.000630692
50736 -0.000621289
50752 -0.000607148
50768 -0.000588343
50784 -0.000564814
50800 -0.000536561
50816 -0.0005036
50832 0
50848 0
50864 0
50880 0
50896 0
50912 0
50928 0
50944 0
50960 0
50976 0
50992 0
51008 0
51024 0
51040 0
51056 0
51072 0
51088 0
51104 0
51120 0
51136 0
51152 0
51168 0
51184 0
51200 0
51216 0
51232 0
51248 0
51264 0
51280 0
51296 0
51312 0
51328 0
51344 0
51360 0
51376 0
51392 0
51408 0
51424 0
51440 0
51456 0
51472 0
51488 0
51504 0
51520 0
51536 0
51552 0
51568 0
51584 0
51600 0
51616 0
51632 0
51648 0
51664 0
51680 0
51696 0
51712 0
51728 0
51744 0
51760 0
51776 0
51792 0
51808 0
51824 0
51840 0
51856 0
51872 0
51888 0
51904 0
51920 0
51936 0
51952 0
51968 0
51984 0
52000 0
52016 0
52032 0
52048 0
52064 0
52080 0
52096 0
52112 0
52128 0
52144 0
52160 0
52176 0
52192 0
52208 0
52224 0
52240 0
52256 0
52272 0
52288 0
52304 0
52320 0
52336 0
52352 0
52368 0
52384 0
52400 0
52416 0
52432 0
52448 0
52464 0
52480 0
52496 0
52512 0
52528 0
52544 0
52560 0
52576 0
52592 0
52608 0
52624 0
52640 0
52656 0
52672 0
52688 0
52704 0
52720 0
52736 0
52752 0
52768 0
52784 0
52800 0
52816 0
52832 0
52848 0
52864 0
52880 0
52896 0
52912 0
52928 0
52944 0
52960 0
52976 0
52992 0
53008 0
53024 0
53040 0
53056 0
53072 0
53088 0
53104 0
53120 0
53136 0
53152 0
53168 0
53184 0
53200 0
53216 0
53232 0
53248 0
53264 0
53280 0
53296 0
53312 0
53328 0
53344 0
53360 0
53376 0
53392 0
53408 0
53424 0
53440 0
53456 0
53472 0
53488 0
53504 0
53520 0
53536 0
53552 0
53568 0
53584 0
53600 0
53616 0
53632 0
53648 0
53664 0
53680 0
53696 0
53712 0
53728 0
53744 0
53760 0
53776 0
53792 0
53808 0
53824 0
53840 0
53856 0
53872 0
53888 0
53904 0
53920 0
53936 0
53952 0
53968 0
53984 0
54000 0
54016 0
54032 0
54048 0
54064 0
54080 0
54096 0
54112 0
54128 0
54144 0
